5.000000000000000000e-01 0.000000000000000000e+00
1.500000000000000000e+00 2.999700029997000327e-04
2.500000000000000000e+00 6.380361963803619085e-01
3.500000000000000000e+00 4.414718528147185594e+01
4.500000000000000000e+00 1.542994700529947067e+02
5.500000000000000000e+00 5.150084991500850151e+01
6.500000000000000000e+00 5.352064793520647790e+00
7.500000000000000000e+00 6.209379062093790813e-02
8.500000000000000000e+00 0.000000000000000000e+00
9.500000000000000000e+00 0.000000000000000000e+00
