5.000000000000000000e-01 0.000000000000000000e+00
1.500000000000000000e+00 1.610838916108389141e-01
2.500000000000000000e+00 2.913338666133386567e+01
3.500000000000000000e+00 1.758607139286071401e+02
4.500000000000000000e+00 4.676182381761823592e+01
5.500000000000000000e+00 4.035196480351964432e+00
6.500000000000000000e+00 4.779522047795220496e-02
7.500000000000000000e+00 0.000000000000000000e+00
8.500000000000000000e+00 0.000000000000000000e+00
9.500000000000000000e+00 0.000000000000000000e+00
