0
1.77722
6.95552
15.40356
27.25766
41.72898
57.75835
74.47174
90.88795
106.56307
120.91515
133.91254
145.82824
156.75923
166.66742
175.33291
182.50364
188.07660
192.09853
194.53853
195.34097
194.51570
192.05299
188.00951
182.41442
175.22162
166.53682
156.61319
145.66856
133.73873
120.72461
106.35203
90.66230
74.23906
57.52632
41.51518
27.07007
15.26214
6.86075
1.72831
.00035
0
1.77722
6.95552
15.40356
27.25766
41.72898
57.75835
74.47174
90.88795
106.56307
120.91515
133.91254
145.82824
156.75923
166.66742
175.33291
182.50364
188.07660
192.09853
194.53853
195.34097
194.51570
192.05299
188.00951
182.41442
175.22162
166.53682
156.61319
145.66856
133.73873
120.72461
106.35203
90.66230
74.23906
57.52632
41.51518
27.07007
15.26214
6.86075
1.72831
.00035
