4.500000000000000111e-01 0.000000000000000000e+00
1.350000000000000089e+00 0.000000000000000000e+00
2.250000000000000444e+00 0.000000000000000000e+00
3.150000000000000355e+00 0.000000000000000000e+00
4.050000000000000711e+00 0.000000000000000000e+00
4.950000000000001066e+00 0.000000000000000000e+00
5.850000000000000533e+00 0.000000000000000000e+00
6.750000000000000888e+00 0.000000000000000000e+00
7.650000000000001243e+00 0.000000000000000000e+00
8.550000000000000711e+00 0.000000000000000000e+00
9.450000000000001066e+00 0.000000000000000000e+00
1.035000000000000142e+01 0.000000000000000000e+00
1.125000000000000000e+01 0.000000000000000000e+00
1.215000000000000036e+01 0.000000000000000000e+00
1.305000000000000071e+01 0.000000000000000000e+00
1.395000000000000107e+01 0.000000000000000000e+00
1.485000000000000142e+01 0.000000000000000000e+00
1.575000000000000178e+01 0.000000000000000000e+00
1.665000000000000213e+01 0.000000000000000000e+00
1.755000000000000071e+01 0.000000000000000000e+00
1.845000000000000284e+01 0.000000000000000000e+00
1.935000000000000142e+01 0.000000000000000000e+00
2.025000000000000355e+01 0.000000000000000000e+00
2.115000000000000213e+01 0.000000000000000000e+00
2.205000000000000071e+01 0.000000000000000000e+00
2.295000000000000284e+01 0.000000000000000000e+00
2.385000000000000142e+01 0.000000000000000000e+00
2.475000000000000355e+01 0.000000000000000000e+00
2.565000000000000213e+01 0.000000000000000000e+00
2.655000000000000426e+01 0.000000000000000000e+00
2.745000000000000284e+01 0.000000000000000000e+00
2.835000000000000497e+01 0.000000000000000000e+00
2.925000000000000355e+01 0.000000000000000000e+00
3.015000000000000213e+01 0.000000000000000000e+00
3.105000000000000426e+01 0.000000000000000000e+00
3.195000000000000284e+01 0.000000000000000000e+00
3.285000000000000853e+01 0.000000000000000000e+00
3.375000000000000711e+01 0.000000000000000000e+00
3.465000000000000568e+01 0.000000000000000000e+00
3.555000000000001137e+01 0.000000000000000000e+00
3.645000000000000995e+01 0.000000000000000000e+00
3.735000000000000853e+01 0.000000000000000000e+00
3.825000000000000711e+01 0.000000000000000000e+00
3.915000000000000568e+01 0.000000000000000000e+00
4.005000000000001137e+01 0.000000000000000000e+00
4.095000000000000995e+01 0.000000000000000000e+00
4.185000000000000853e+01 0.000000000000000000e+00
4.275000000000000711e+01 0.000000000000000000e+00
4.365000000000000568e+01 0.000000000000000000e+00
4.455000000000001137e+01 0.000000000000000000e+00
4.545000000000000995e+01 0.000000000000000000e+00
4.635000000000000853e+01 9.076277270957583193e-05
4.725000000000000711e+01 1.775793379100396594e-04
4.815000000000001279e+01 6.432318239852548867e-04
4.905000000000001137e+01 1.302248478006957574e-03
4.995000000000000995e+01 3.437146740436546142e-03
5.085000000000000853e+01 7.651696360168154347e-03
5.175000000000000711e+01 1.346446002109012198e-02
5.265000000000001279e+01 2.217768620120940185e-02
5.355000000000001137e+01 3.055548474305416415e-02
5.445000000000000995e+01 4.117472915007453632e-02
5.535000000000000853e+01 5.436295464552681755e-02
5.625000000000001421e+01 6.708552765490387315e-02
5.715000000000001279e+01 7.433471084914261562e-02
5.805000000000001137e+01 7.930693231062373172e-02
5.895000000000000995e+01 8.350175089280977014e-02
5.985000000000000853e+01 9.044312990133776542e-02
6.075000000000001421e+01 8.717172387628392694e-02
6.165000000000001279e+01 8.676131829533627327e-02
6.255000000000001137e+01 8.059339595859423000e-02
6.345000000000000995e+01 7.423210945390570914e-02
6.435000000000000853e+01 6.620157717286280497e-02
6.525000000000001421e+01 6.364838091446733959e-02
6.615000000000000568e+01 6.237770209653327458e-02
6.705000000000001137e+01 6.264604420715289002e-02
6.795000000000001705e+01 6.251581935935218715e-02
6.885000000000000853e+01 6.886921344902249831e-02
6.975000000000001421e+01 7.435444188668817456e-02
7.065000000000001990e+01 8.749925909954020531e-02
7.155000000000001137e+01 1.038562892248094255e-01
7.245000000000001705e+01 1.242108275568090947e-01
7.335000000000000853e+01 1.509424372235337319e-01
7.425000000000001421e+01 1.794419478543405333e-01
7.515000000000001990e+01 2.130794206620111875e-01
7.605000000000001137e+01 2.653587777427268146e-01
7.695000000000001705e+01 3.167857540014744067e-01
7.785000000000000853e+01 3.800671376175943084e-01
7.875000000000001421e+01 4.505108878627524516e-01
7.965000000000001990e+01 5.223594879811545022e-01
8.055000000000001137e+01 6.231298429338384404e-01
8.145000000000001705e+01 7.331185386278077365e-01
8.235000000000000853e+01 8.521124798575708814e-01
8.325000000000001421e+01 9.591336275046882243e-01
8.415000000000001990e+01 1.075163966895108070e+00
8.505000000000001137e+01 1.206430613478209457e+00
8.595000000000001705e+01 1.317405861049456783e+00
8.685000000000000853e+01 1.424245483151154623e+00
8.775000000000001421e+01 1.531759906736911425e+00
8.865000000000001990e+01 1.625403410928138559e+00
8.955000000000001137e+01 1.718016954959487919e+00
9.045000000000001705e+01 1.768402132435829888e+00
9.135000000000002274e+01 1.801964627300827626e+00
9.225000000000001421e+01 1.811530234302915376e+00
9.315000000000001990e+01 1.805685900981920167e+00
9.405000000000001137e+01 1.798452502617718052e+00
9.495000000000001705e+01 1.767818093724481399e+00
9.585000000000002274e+01 1.723987566920774706e+00
9.675000000000001421e+01 1.648437424158825326e+00
9.765000000000001990e+01 1.582591005661782679e+00
9.855000000000001137e+01 1.507853781646710800e+00
9.945000000000001705e+01 1.425792396494726999e+00
1.003500000000000227e+02 1.351931230546677520e+00
1.012500000000000142e+02 1.266188033788692158e+00
1.021500000000000199e+02 1.182279823522443873e+00
1.030500000000000114e+02 1.095052852741032368e+00
1.039500000000000171e+02 1.031459718731692732e+00
1.048500000000000227e+02 9.642834283040793153e-01
1.057500000000000142e+02 9.004101135615925067e-01
1.066500000000000199e+02 8.342243212187662182e-01
1.075500000000000256e+02 7.915894952903201887e-01
1.084500000000000171e+02 7.341958532777952406e-01
1.093500000000000227e+02 6.830530039597040304e-01
1.102500000000000142e+02 6.525409274992500785e-01
1.111500000000000199e+02 6.113267362740844035e-01
1.120500000000000256e+02 5.680171088615802999e-01
1.129500000000000171e+02 5.372327440829975931e-01
1.138500000000000227e+02 5.132832107101967800e-01
1.147500000000000142e+02 4.904228306099111534e-01
1.156500000000000199e+02 4.587150532741962605e-01
1.165500000000000256e+02 4.403612421493164342e-01
1.174500000000000171e+02 4.126667578503684930e-01
1.183500000000000227e+02 3.882989264816018582e-01
1.192500000000000142e+02 3.742030732590538311e-01
1.201500000000000199e+02 3.611095567438202258e-01
1.210500000000000256e+02 3.350724795986992910e-01
1.219500000000000171e+02 3.127606223421801057e-01
1.228500000000000227e+02 2.964667315370567158e-01
1.237500000000000142e+02 2.847386028199758168e-01
1.246500000000000199e+02 2.714359373067593006e-01
1.255500000000000256e+02 2.613770543660328682e-01
1.264500000000000171e+02 2.517562004588178026e-01
1.273500000000000227e+02 2.356398889916044015e-01
1.282500000000000284e+02 2.282644271570741512e-01
1.291500000000000057e+02 2.214690578263832643e-01
1.300500000000000114e+02 2.113430893580018899e-01
1.309500000000000171e+02 2.018682451286239743e-01
1.318499999999999943e+02 1.967223905367419257e-01
1.327500000000000000e+02 1.945164605391483392e-01
1.336500000000000057e+02 1.898480970558688585e-01
1.345500000000000114e+02 1.902032557316889472e-01
1.354500000000000171e+02 1.825436669565025649e-01
1.363500000000000227e+02 1.792446374788849439e-01
1.372500000000000000e+02 1.763126052996147330e-01
1.381500000000000057e+02 1.762178963193960501e-01
1.390500000000000114e+02 1.680689778130797785e-01
1.399500000000000171e+02 1.700736512277086776e-01
1.408500000000000227e+02 1.753023761772820877e-01
1.417500000000000000e+02 1.763875832422878431e-01
1.426500000000000057e+02 1.777016703428221378e-01
1.435500000000000114e+02 1.782580856016069693e-01
1.444500000000000171e+02 1.776227461926399021e-01
1.453500000000000227e+02 1.754799555151920765e-01
1.462500000000000000e+02 1.771057930089462440e-01
1.471500000000000057e+02 1.796629354748508212e-01
1.480500000000000114e+02 1.825397207489934670e-01
1.489500000000000171e+02 1.917699001128064240e-01
1.498500000000000227e+02 1.884866554652252224e-01
1.507500000000000000e+02 1.876342746432570485e-01
1.516500000000000057e+02 1.894613687199759311e-01
1.525500000000000114e+02 1.912292696840580397e-01
1.534500000000000171e+02 1.964895642937043718e-01
1.543500000000000227e+02 2.001082365795600337e-01
1.552500000000000000e+02 2.004318255953072281e-01
1.561500000000000057e+02 2.038768647507619713e-01
1.570500000000000114e+02 2.073021728686711973e-01
1.579500000000000171e+02 2.096422739215746400e-01
1.588500000000000227e+02 2.123730495178801081e-01
1.597500000000000000e+02 2.109405761920724320e-01
1.606500000000000057e+02 2.140028332191433735e-01
1.615500000000000114e+02 2.171637454339420681e-01
1.624500000000000171e+02 2.127597778537730910e-01
1.633500000000000227e+02 2.205890535518512940e-01
1.642500000000000000e+02 2.211336301881087207e-01
1.651500000000000057e+02 2.244405520807446208e-01
1.660500000000000114e+02 2.222701379507330266e-01
1.669500000000000171e+02 2.211454688106360700e-01
1.678500000000000227e+02 2.171163909438327544e-01
1.687500000000000000e+02 2.114851528283299142e-01
1.696500000000000057e+02 2.057907753926813132e-01
1.705500000000000114e+02 2.003410628225976153e-01
1.714500000000000171e+02 1.899625370736331142e-01
1.723500000000000227e+02 1.807678735774021772e-01
1.732500000000000000e+02 1.639451909660577522e-01
1.741500000000000057e+02 1.457965826316516833e-01
1.750500000000000114e+02 1.307102313243165559e-01
1.759500000000000171e+02 1.103872626523897810e-01
1.768500000000000227e+02 8.506444906641812131e-02
1.777500000000000284e+02 6.052298456725063724e-02
1.786500000000000057e+02 3.688520158766980112e-02
1.795500000000000114e+02 1.230032880590208391e-02
