0
6.34798
26.07425
60.02397
106.57671
159.13820
213.94733
266.89193
313.62674
354.31126
387.68730
412.38809
428.46596
435.99973
434.67487
424.68192
406.44508
379.57923
344.60986
303.35714
257.24150
206.61976
155.33821
107.04551
66.09412
38.73936
24.64049
22.36392
29.04216
42.11915
58.35684
73.34971
83.83519
87.31080
83.16185
71.94546
55.66492
36.74801
18.52933
5.48890
.01389
0
6.34798
26.07425
60.02397
106.57671
159.13820
213.94733
266.89193
313.62674
354.31126
387.68730
412.38809
428.46596
435.99973
434.67487
424.68192
406.44508
379.57923
344.60986
303.35714
257.24150
206.61976
155.33821
107.04551
66.09412
38.73936
24.64049
22.36392
29.04216
42.11915
58.35684
73.34971
83.83519
87.31080
83.16185
71.94546
55.66492
36.74801
18.52933
5.48890
.01389
