0
9.16919
34.45059
72.10195
115.00456
156.48524
191.70941
218.79499
237.61419
249.33887
255.29315
256.78828
254.42506
249.42900
243.35346
236.91201
231.21567
227.07807
227.34335
234.93609
252.04434
276.51497
305.61291
337.26550
367.47207
393.32409
411.75900
421.92308
424.33295
418.25973
402.85721
378.00777
343.70169
301.15946
252.09217
197.82550
140.78746
85.45595
38.82729
9.47955
.00644
0
9.16919
34.45059
72.10195
115.00456
156.48524
191.70941
218.79499
237.61419
249.33887
255.29315
256.78828
254.42506
249.42900
243.35346
236.91201
231.21567
227.07807
227.34335
234.93609
252.04434
276.51497
305.61291
337.26550
367.47207
393.32409
411.75900
421.92308
424.33295
418.25973
402.85721
378.00777
343.70169
301.15946
252.09217
197.82550
140.78746
85.45595
38.82729
9.47955
.00644
