4.500000000000000111e-01 0.000000000000000000e+00
1.350000000000000089e+00 0.000000000000000000e+00
2.250000000000000444e+00 0.000000000000000000e+00
3.150000000000000355e+00 0.000000000000000000e+00
4.050000000000000711e+00 0.000000000000000000e+00
4.950000000000001066e+00 0.000000000000000000e+00
5.850000000000000533e+00 0.000000000000000000e+00
6.750000000000000888e+00 0.000000000000000000e+00
7.650000000000001243e+00 0.000000000000000000e+00
8.550000000000000711e+00 0.000000000000000000e+00
9.450000000000001066e+00 0.000000000000000000e+00
1.035000000000000142e+01 0.000000000000000000e+00
1.125000000000000000e+01 0.000000000000000000e+00
1.215000000000000036e+01 0.000000000000000000e+00
1.305000000000000071e+01 0.000000000000000000e+00
1.395000000000000107e+01 0.000000000000000000e+00
1.485000000000000142e+01 0.000000000000000000e+00
1.575000000000000178e+01 0.000000000000000000e+00
1.665000000000000213e+01 0.000000000000000000e+00
1.755000000000000071e+01 0.000000000000000000e+00
1.845000000000000284e+01 0.000000000000000000e+00
1.935000000000000142e+01 0.000000000000000000e+00
2.025000000000000355e+01 0.000000000000000000e+00
2.115000000000000213e+01 0.000000000000000000e+00
2.205000000000000071e+01 0.000000000000000000e+00
2.295000000000000284e+01 0.000000000000000000e+00
2.385000000000000142e+01 0.000000000000000000e+00
2.475000000000000355e+01 0.000000000000000000e+00
2.565000000000000213e+01 0.000000000000000000e+00
2.655000000000000426e+01 0.000000000000000000e+00
2.745000000000000284e+01 0.000000000000000000e+00
2.835000000000000497e+01 0.000000000000000000e+00
2.925000000000000355e+01 0.000000000000000000e+00
3.015000000000000213e+01 0.000000000000000000e+00
3.105000000000000426e+01 0.000000000000000000e+00
3.195000000000000284e+01 0.000000000000000000e+00
3.285000000000000853e+01 0.000000000000000000e+00
3.375000000000000711e+01 0.000000000000000000e+00
3.465000000000000568e+01 0.000000000000000000e+00
3.555000000000001137e+01 0.000000000000000000e+00
3.645000000000000995e+01 0.000000000000000000e+00
3.735000000000000853e+01 0.000000000000000000e+00
3.825000000000000711e+01 0.000000000000000000e+00
3.915000000000000568e+01 0.000000000000000000e+00
4.005000000000001137e+01 0.000000000000000000e+00
4.095000000000000995e+01 0.000000000000000000e+00
4.185000000000000853e+01 0.000000000000000000e+00
4.275000000000000711e+01 0.000000000000000000e+00
4.365000000000000568e+01 0.000000000000000000e+00
4.455000000000001137e+01 0.000000000000000000e+00
4.545000000000000995e+01 1.995753276517961766e-05
4.635000000000000853e+01 1.077706769319699442e-04
4.725000000000000711e+01 5.228873584477059617e-04
4.815000000000001279e+01 1.580636595002225721e-03
4.905000000000001137e+01 3.229128801406062552e-03
4.995000000000000995e+01 7.248575900313236446e-03
5.085000000000000853e+01 1.369086747691321791e-02
5.175000000000000711e+01 2.239235176253153228e-02
5.265000000000001279e+01 3.061884676833857150e-02
5.355000000000001137e+01 4.381476743267533752e-02
5.445000000000000995e+01 5.504686687291842490e-02
5.535000000000000853e+01 5.702266261667120889e-02
5.625000000000001421e+01 5.733400012780800331e-02
5.715000000000001279e+01 5.249230267897542906e-02
5.805000000000001137e+01 4.600610453029205238e-02
5.895000000000000995e+01 4.120033064043680804e-02
5.985000000000000853e+01 3.372024736004748668e-02
6.075000000000001421e+01 2.980058792496620770e-02
6.165000000000001279e+01 2.227260656594045457e-02
6.255000000000001137e+01 2.127872143423450990e-02
6.345000000000000995e+01 2.202513315965222429e-02
6.435000000000000853e+01 2.446394366355717637e-02
6.525000000000001421e+01 2.995625668053460491e-02
6.615000000000000568e+01 3.722878162016605985e-02
6.705000000000001137e+01 4.743107236972588653e-02
6.795000000000001705e+01 6.568024033020611330e-02
6.885000000000000853e+01 8.226095855151736858e-02
6.975000000000001421e+01 1.039547966672675905e-01
7.065000000000001990e+01 1.336476139153018328e-01
7.155000000000001137e+01 1.703295591377019802e-01
7.245000000000001705e+01 2.072350287270721125e-01
7.335000000000000853e+01 2.506187134520195814e-01
7.425000000000001421e+01 3.155046439781715173e-01
7.515000000000001990e+01 3.794086638922767318e-01
7.605000000000001137e+01 4.466575662978259365e-01
7.695000000000001705e+01 5.274376759181669261e-01
7.785000000000000853e+01 6.014761309704302894e-01
7.875000000000001421e+01 6.756383227258377921e-01
7.965000000000001990e+01 7.563865002937544268e-01
8.055000000000001137e+01 8.259065699279812822e-01
8.145000000000001705e+01 8.891320337280702590e-01
8.235000000000000853e+01 9.350463336076423326e-01
8.325000000000001421e+01 9.750811443345928087e-01
8.415000000000001990e+01 1.002047762606903314e+00
8.505000000000001137e+01 1.007883345187442048e+00
8.595000000000001705e+01 9.873430524655191221e-01
8.685000000000000853e+01 9.776756235940660122e-01
8.775000000000001421e+01 9.547124863944502771e-01
8.865000000000001990e+01 9.187689698843618524e-01
8.955000000000001137e+01 8.882299532470840919e-01
9.045000000000001705e+01 8.502946749670305948e-01
9.135000000000002274e+01 8.215358702524069301e-01
9.225000000000001421e+01 7.792059432574609534e-01
9.315000000000001990e+01 7.555203433717455619e-01
9.405000000000001137e+01 7.143439617706270894e-01
9.495000000000001705e+01 6.729041407370079941e-01
9.585000000000002274e+01 6.490469060695124304e-01
9.675000000000001421e+01 6.199767638437517769e-01
9.765000000000001990e+01 5.927147740865165160e-01
9.855000000000001137e+01 5.772556692066083128e-01
9.945000000000001705e+01 5.555777971170702267e-01
1.003500000000000227e+02 5.340196702241231108e-01
1.012500000000000142e+02 5.129884221961769075e-01
1.021500000000000199e+02 4.862932263694725865e-01
1.030500000000000114e+02 4.687226145230085073e-01
1.039500000000000171e+02 4.478989248358201114e-01
1.048500000000000227e+02 4.171284008184661385e-01
1.057500000000000142e+02 3.988033942334782700e-01
1.066500000000000199e+02 3.760717644139386917e-01
1.075500000000000256e+02 3.564694757319791796e-01
1.084500000000000171e+02 3.323567846450892205e-01
1.093500000000000227e+02 3.141076166846090145e-01
1.102500000000000142e+02 2.975308899698508314e-01
1.111500000000000199e+02 2.734621054550441244e-01
1.120500000000000256e+02 2.668362045770045210e-01
1.129500000000000171e+02 2.517602843261877998e-01
1.138500000000000227e+02 2.310483568224844797e-01
1.147500000000000142e+02 2.131065348665879267e-01
1.156500000000000199e+02 2.033592758640742626e-01
1.165500000000000256e+02 1.875209778616276912e-01
1.174500000000000171e+02 1.791428056068053165e-01
1.183500000000000227e+02 1.720219579161891832e-01
1.192500000000000142e+02 1.612169496771209409e-01
1.201500000000000199e+02 1.475260822002077421e-01
1.210500000000000256e+02 1.441732166956575523e-01
1.219500000000000171e+02 1.303626040221532723e-01
1.228500000000000227e+02 1.241039217469929457e-01
1.237500000000000142e+02 1.104809098814813345e-01
1.246500000000000199e+02 1.046453273009428087e-01
1.255500000000000256e+02 1.006258802020356252e-01
1.264500000000000171e+02 9.546885373551322607e-02
1.273500000000000227e+02 9.150129622179550837e-02
1.282500000000000284e+02 9.045152999834704666e-02
1.291500000000000057e+02 8.308720040799578987e-02
1.300500000000000114e+02 8.210129828939591312e-02
1.309500000000000171e+02 8.095972741522762528e-02
1.318499999999999943e+02 7.524788153783323885e-02
1.327500000000000000e+02 7.281705404703435469e-02
1.336500000000000057e+02 7.467709610074908799e-02
1.345500000000000114e+02 7.258554666695826718e-02
1.354500000000000171e+02 7.064567448218281309e-02
1.363500000000000227e+02 7.023055780066708720e-02
1.372500000000000000e+02 7.021060026790189312e-02
1.381500000000000057e+02 6.904508035441540847e-02
1.390500000000000114e+02 6.493382860478839891e-02
1.399500000000000171e+02 6.629493233937366892e-02
1.408500000000000227e+02 6.876966640225593008e-02
1.417500000000000000e+02 6.894529269058952137e-02
1.426500000000000057e+02 6.771990017880746837e-02
1.435500000000000114e+02 6.745646074630710920e-02
1.444500000000000171e+02 6.881357297433932096e-02
1.453500000000000227e+02 6.801926317028517133e-02
1.462500000000000000e+02 6.690563284198815241e-02
1.471500000000000057e+02 6.627497480660847484e-02
1.480500000000000114e+02 6.716508076793548110e-02
1.489500000000000171e+02 6.658232081119223877e-02
1.498500000000000227e+02 6.747641827907228940e-02
1.507500000000000000e+02 6.779573880331515867e-02
1.516500000000000057e+02 6.700142899926100903e-02
1.525500000000000114e+02 7.001501644680313552e-02
1.534500000000000171e+02 6.746843526596621454e-02
1.543500000000000227e+02 6.683777723058655085e-02
1.552500000000000000e+02 6.680584517816225143e-02
1.561500000000000057e+02 6.649051616047241264e-02
1.570500000000000114e+02 6.661425286361653819e-02
1.579500000000000171e+02 6.566826581054702183e-02
1.588500000000000227e+02 6.061501851440354721e-02
1.597500000000000000e+02 6.043140921296387413e-02
1.606500000000000057e+02 6.048329879815335375e-02
1.615500000000000114e+02 6.232737482565595122e-02
1.624500000000000171e+02 6.012406320838012408e-02
1.633500000000000227e+02 5.837578333815038323e-02
1.642500000000000000e+02 6.035557058845619077e-02
1.651500000000000057e+02 5.657162237617813921e-02
1.660500000000000114e+02 5.288347032117295815e-02
1.669500000000000171e+02 5.206521147780058395e-02
1.678500000000000227e+02 5.185366163048968358e-02
1.687500000000000000e+02 4.849680461938647019e-02
1.696500000000000057e+02 4.454521313188090914e-02
1.705500000000000114e+02 4.078920546547410569e-02
1.714500000000000171e+02 3.817077716668253184e-02
1.723500000000000227e+02 3.466224290656395868e-02
1.732500000000000000e+02 2.877876224738901145e-02
1.741500000000000057e+02 2.410869958033698066e-02
1.750500000000000114e+02 2.014912507972533781e-02
1.759500000000000171e+02 1.786997483794183078e-02
1.768500000000000227e+02 1.429358496642164390e-02
1.777500000000000284e+02 1.056551784588608857e-02
1.786500000000000057e+02 6.218767209629969678e-03
1.795500000000000114e+02 1.852059040608668638e-03
