4.500000000000000111e-01 0.000000000000000000e+00
1.350000000000000089e+00 0.000000000000000000e+00
2.250000000000000444e+00 0.000000000000000000e+00
3.150000000000000355e+00 0.000000000000000000e+00
4.050000000000000711e+00 0.000000000000000000e+00
4.950000000000001066e+00 0.000000000000000000e+00
5.850000000000000533e+00 0.000000000000000000e+00
6.750000000000000888e+00 0.000000000000000000e+00
7.650000000000001243e+00 0.000000000000000000e+00
8.550000000000000711e+00 0.000000000000000000e+00
9.450000000000001066e+00 0.000000000000000000e+00
1.035000000000000142e+01 0.000000000000000000e+00
1.125000000000000000e+01 0.000000000000000000e+00
1.215000000000000036e+01 0.000000000000000000e+00
1.305000000000000071e+01 0.000000000000000000e+00
1.395000000000000107e+01 0.000000000000000000e+00
1.485000000000000142e+01 0.000000000000000000e+00
1.575000000000000178e+01 0.000000000000000000e+00
1.665000000000000213e+01 0.000000000000000000e+00
1.755000000000000071e+01 0.000000000000000000e+00
1.845000000000000284e+01 0.000000000000000000e+00
1.935000000000000142e+01 0.000000000000000000e+00
2.025000000000000355e+01 0.000000000000000000e+00
2.115000000000000213e+01 0.000000000000000000e+00
2.205000000000000071e+01 0.000000000000000000e+00
2.295000000000000284e+01 0.000000000000000000e+00
2.385000000000000142e+01 0.000000000000000000e+00
2.475000000000000355e+01 0.000000000000000000e+00
2.565000000000000213e+01 0.000000000000000000e+00
2.655000000000000426e+01 0.000000000000000000e+00
2.745000000000000284e+01 0.000000000000000000e+00
2.835000000000000497e+01 0.000000000000000000e+00
2.925000000000000355e+01 0.000000000000000000e+00
3.015000000000000213e+01 0.000000000000000000e+00
3.105000000000000426e+01 0.000000000000000000e+00
3.195000000000000284e+01 0.000000000000000000e+00
3.285000000000000853e+01 0.000000000000000000e+00
3.375000000000000711e+01 0.000000000000000000e+00
3.465000000000000568e+01 0.000000000000000000e+00
3.555000000000001137e+01 0.000000000000000000e+00
3.645000000000000995e+01 0.000000000000000000e+00
3.735000000000000853e+01 0.000000000000000000e+00
3.825000000000000711e+01 0.000000000000000000e+00
3.915000000000000568e+01 0.000000000000000000e+00
4.005000000000001137e+01 0.000000000000000000e+00
4.095000000000000995e+01 0.000000000000000000e+00
4.185000000000000853e+01 0.000000000000000000e+00
4.275000000000000711e+01 0.000000000000000000e+00
4.365000000000000568e+01 0.000000000000000000e+00
4.455000000000001137e+01 0.000000000000000000e+00
4.545000000000000995e+01 1.995753276517961766e-05
4.635000000000000853e+01 1.596602621214369413e-04
4.725000000000000711e+01 9.659445858346935206e-04
4.815000000000001279e+01 2.422844477692805403e-03
4.905000000000001137e+01 4.713969239135426016e-03
4.995000000000000995e+01 1.009052856607481514e-02
5.085000000000000853e+01 1.993757523241444091e-02
5.175000000000000711e+01 3.619897292948278528e-02
5.265000000000001279e+01 5.299523250465795754e-02
5.355000000000001137e+01 7.977424996897596043e-02
5.445000000000000995e+01 1.059226093979143135e-01
5.535000000000000853e+01 1.194817571585773397e-01
5.625000000000001421e+01 1.328054060326112618e-01
5.715000000000001279e+01 1.370683350312536242e-01
5.805000000000001137e+01 1.391678674781505198e-01
5.895000000000000995e+01 1.370443859919354135e-01
5.985000000000000853e+01 1.380821776957247282e-01
6.075000000000001421e+01 1.321747479972315842e-01
6.165000000000001279e+01 1.247226052627135040e-01
6.255000000000001137e+01 1.193540289488801975e-01
6.345000000000000995e+01 1.120415889437183649e-01
6.435000000000000853e+01 1.074952629798104631e-01
6.525000000000001421e+01 1.021945422773787582e-01
6.615000000000000568e+01 1.024300411640078762e-01
6.705000000000001137e+01 1.088084686357592978e-01
6.795000000000001705e+01 1.304384426466609348e-01
6.885000000000000853e+01 1.525952955225633456e-01
6.975000000000001421e+01 1.806915101493832554e-01
7.065000000000001990e+01 2.204229663783028037e-01
7.155000000000001137e+01 2.727835493410280532e-01
7.245000000000001705e+01 3.265730916497401881e-01
7.335000000000000853e+01 3.940095948632820755e-01
7.425000000000001421e+01 4.887080878340593904e-01
7.515000000000001990e+01 5.864920153703334638e-01
7.605000000000001137e+01 7.041895690997037605e-01
7.695000000000001705e+01 8.317022374429893228e-01
7.785000000000000853e+01 9.627314230594995470e-01
7.875000000000001421e+01 1.105088504273525896e+00
7.965000000000001990e+01 1.268899933210120290e+00
8.055000000000001137e+01 1.437481212477592418e+00
8.145000000000001705e+01 1.600402535452859487e+00
8.235000000000000853e+01 1.753859996390878750e+00
8.325000000000001421e+01 1.911428709078524690e+00
8.415000000000001990e+01 2.061329737677788820e+00
8.505000000000001137e+01 2.193568349779869031e+00
8.595000000000001705e+01 2.292885015832509144e+00
8.685000000000000853e+01 2.394588602803864319e+00
8.775000000000001421e+01 2.472706377553330448e+00
8.865000000000001990e+01 2.535576597270198906e+00
8.955000000000001137e+01 2.572470092339910419e+00
9.045000000000001705e+01 2.598003759759680786e+00
9.135000000000002274e+01 2.624483414232521739e+00
9.225000000000001421e+01 2.583618370142539700e+00
9.315000000000001990e+01 2.584117308461669538e+00
9.405000000000001137e+01 2.530375664231593547e+00
9.495000000000001705e+01 2.446178825001853685e+00
9.585000000000002274e+01 2.386565674632262102e+00
9.675000000000001421e+01 2.284886036700224832e+00
9.765000000000001990e+01 2.171164023497678564e+00
9.855000000000001137e+01 2.080508926665126435e+00
9.945000000000001705e+01 1.967940458856407782e+00
1.003500000000000227e+02 1.863335046620994806e+00
1.012500000000000142e+02 1.774428229658673084e+00
1.021500000000000199e+02 1.674129652993986195e+00
1.030500000000000114e+02 1.576142158623507150e+00
1.039500000000000171e+02 1.484429312554400804e+00
1.048500000000000227e+02 1.375932181429778245e+00
1.057500000000000142e+02 1.305601835965285451e+00
1.066500000000000199e+02 1.208660116311702115e+00
1.075500000000000256e+02 1.146448495176084048e+00
1.084500000000000171e+02 1.068925454903020267e+00
1.093500000000000227e+02 1.001896085357888211e+00
1.102500000000000142e+02 9.496512560852007345e-01
1.111500000000000199e+02 8.849649008867007671e-01
1.120500000000000256e+02 8.461874147239567545e-01
1.129500000000000171e+02 7.987842829001020606e-01
1.138500000000000227e+02 7.533489638068940897e-01
1.147500000000000142e+02 7.034710979201572734e-01
1.156500000000000199e+02 6.653921254041944566e-01
1.165500000000000256e+02 6.277083120369824076e-01
1.174500000000000171e+02 5.993965560562984907e-01
1.183500000000000227e+02 5.733400012780800470e-01
1.192500000000000142e+02 5.461538501453523375e-01
1.201500000000000199e+02 5.121262567807211008e-01
1.210500000000000256e+02 4.899654123982656317e-01
1.219500000000000171e+02 4.622523824005372317e-01
1.228500000000000227e+02 4.423387562074410639e-01
1.237500000000000142e+02 4.073851333225054216e-01
1.246500000000000199e+02 3.910957950795658777e-01
1.255500000000000256e+02 3.841625481969425104e-01
1.264500000000000171e+02 3.632270963262690389e-01
1.273500000000000227e+02 3.436407736705218152e-01
1.282500000000000284e+02 3.286806071097431725e-01
1.291500000000000057e+02 3.125788696747962003e-01
1.300500000000000114e+02 3.041128842758070161e-01
1.309500000000000171e+02 2.937988313427621900e-01
1.318499999999999943e+02 2.786390894543317454e-01
1.327500000000000000e+02 2.722486874629212461e-01
1.336500000000000057e+02 2.662654191399204118e-01
1.345500000000000114e+02 2.591485629558573645e-01
1.354500000000000171e+02 2.548137868392603145e-01
1.363500000000000227e+02 2.509779490417927694e-01
1.372500000000000000e+02 2.449348081204964223e-01
1.381500000000000057e+02 2.395742148197691768e-01
1.390500000000000114e+02 2.357343855157486012e-01
1.399500000000000171e+02 2.342295875452540532e-01
1.408500000000000227e+02 2.350199058427551724e-01
1.417500000000000000e+02 2.289129008166102264e-01
1.426500000000000057e+02 2.281225825191090795e-01
1.435500000000000114e+02 2.294158306422927618e-01
1.444500000000000171e+02 2.313477198139621549e-01
1.453500000000000227e+02 2.327327725878655940e-01
1.462500000000000000e+02 2.304057242674456552e-01
1.471500000000000057e+02 2.290965101180498786e-01
1.480500000000000114e+02 2.296712870616870461e-01
1.489500000000000171e+02 2.318147260806673049e-01
1.498500000000000227e+02 2.373230051238569005e-01
1.507500000000000000e+02 2.398855523309059712e-01
1.516500000000000057e+02 2.417176538387494911e-01
1.525500000000000114e+02 2.516565051558088961e-01
1.534500000000000171e+02 2.492576097174342975e-01
1.543500000000000227e+02 2.563864404211564918e-01
1.552500000000000000e+02 2.607850806426020851e-01
1.561500000000000057e+02 2.661297079171171531e-01
1.570500000000000114e+02 2.686683060848479854e-01
1.579500000000000171e+02 2.673032108437097265e-01
1.588500000000000227e+02 2.634913220855604199e-01
1.597500000000000000e+02 2.690754397532577058e-01
1.606500000000000057e+02 2.783317434497479814e-01
1.615500000000000114e+02 2.815728467708131788e-01
1.624500000000000171e+02 2.850374744588483611e-01
1.633500000000000227e+02 2.837282603094525846e-01
1.642500000000000000e+02 2.876279622117686730e-01
1.651500000000000057e+02 2.813772629497143796e-01
1.660500000000000114e+02 2.782998113973236820e-01
1.669500000000000171e+02 2.763679222256542611e-01
1.678500000000000227e+02 2.694985394478794927e-01
1.687500000000000000e+02 2.560391793510423675e-01
1.696500000000000057e+02 2.425558702148870316e-01
1.705500000000000114e+02 2.328924328499870633e-01
1.714500000000000171e+02 2.187904401981111135e-01
1.723500000000000227e+02 2.043890845547575164e-01
1.732500000000000000e+02 1.818490470497636236e-01
1.741500000000000057e+02 1.622307923415920727e-01
1.750500000000000114e+02 1.372838763851175481e-01
1.759500000000000171e+02 1.165719488814141447e-01
1.768500000000000227e+02 9.182460825259143589e-02
1.777500000000000284e+02 6.635081343111616514e-02
1.786500000000000057e+02 4.002682771384424160e-02
1.795500000000000114e+02 1.333562339369301873e-02
