5.000000000000000000e-01 0.000000000000000000e+00
1.500000000000000000e+00 1.613838616138386084e-01
2.500000000000000000e+00 2.977142285771422792e+01
3.500000000000000000e+00 2.200078992100789890e+02
4.500000000000000000e+00 2.010612938706129285e+02
5.500000000000000000e+00 5.553604639536046506e+01
6.500000000000000000e+00 5.399860013998599939e+00
7.500000000000000000e+00 6.209379062093790813e-02
8.500000000000000000e+00 0.000000000000000000e+00
9.500000000000000000e+00 0.000000000000000000e+00
