2.500000000000000139e-02 0.000000000000000000e+00
7.499999999999999722e-02 0.000000000000000000e+00
1.250000000000000000e-01 0.000000000000000000e+00
1.749999999999999889e-01 0.000000000000000000e+00
2.249999999999999778e-01 0.000000000000000000e+00
2.749999999999999667e-01 0.000000000000000000e+00
3.250000000000000111e-01 0.000000000000000000e+00
3.750000000000000000e-01 0.000000000000000000e+00
4.249999999999999889e-01 0.000000000000000000e+00
4.749999999999999778e-01 0.000000000000000000e+00
5.249999999999999112e-01 0.000000000000000000e+00
5.749999999999999556e-01 0.000000000000000000e+00
6.250000000000000000e-01 0.000000000000000000e+00
6.749999999999999334e-01 0.000000000000000000e+00
7.249999999999999778e-01 0.000000000000000000e+00
7.749999999999999112e-01 0.000000000000000000e+00
8.249999999999999556e-01 0.000000000000000000e+00
8.750000000000000000e-01 0.000000000000000000e+00
9.249999999999999334e-01 0.000000000000000000e+00
9.749999999999999778e-01 0.000000000000000000e+00
1.024999999999999911e+00 0.000000000000000000e+00
1.074999999999999734e+00 0.000000000000000000e+00
1.124999999999999778e+00 0.000000000000000000e+00
1.174999999999999822e+00 0.000000000000000000e+00
1.224999999999999867e+00 0.000000000000000000e+00
1.274999999999999911e+00 0.000000000000000000e+00
1.324999999999999734e+00 0.000000000000000000e+00
1.374999999999999778e+00 0.000000000000000000e+00
1.424999999999999822e+00 0.000000000000000000e+00
1.474999999999999867e+00 0.000000000000000000e+00
1.524999999999999689e+00 0.000000000000000000e+00
1.574999999999999734e+00 0.000000000000000000e+00
1.624999999999999778e+00 0.000000000000000000e+00
1.674999999999999822e+00 0.000000000000000000e+00
1.724999999999999867e+00 0.000000000000000000e+00
1.774999999999999689e+00 0.000000000000000000e+00
1.824999999999999734e+00 0.000000000000000000e+00
1.874999999999999778e+00 0.000000000000000000e+00
1.924999999999999822e+00 0.000000000000000000e+00
1.974999999999999645e+00 0.000000000000000000e+00
2.024999999999999911e+00 0.000000000000000000e+00
2.074999999999999734e+00 0.000000000000000000e+00
2.124999999999999556e+00 0.000000000000000000e+00
2.174999999999999822e+00 0.000000000000000000e+00
2.224999999999999645e+00 0.000000000000000000e+00
2.274999999999999911e+00 0.000000000000000000e+00
2.324999999999999734e+00 0.000000000000000000e+00
2.374999999999999556e+00 0.000000000000000000e+00
2.424999999999999822e+00 6.984818312459370286e-04
2.474999999999999645e+00 1.188423680446575731e-02
2.524999999999999911e+00 1.114674223187098329e-01
2.574999999999999734e+00 5.776466227494777561e-01
2.624999999999999556e+00 1.727398431007534318e+00
2.674999999999999822e+00 3.414913384179855793e+00
2.724999999999999645e+00 4.982047394557993947e+00
2.774999999999999467e+00 5.582782386197278512e+00
2.824999999999999734e+00 5.131087228213106144e+00
2.874999999999999556e+00 4.117401843441672149e+00
2.924999999999999822e+00 3.064910988099404765e+00
2.974999999999999645e+00 2.224919605115144527e+00
3.024999999999999467e+00 1.647461416798429612e+00
3.074999999999999734e+00 1.284052747488282131e+00
3.124999999999999556e+00 1.066465381876879004e+00
3.174999999999999822e+00 9.061808868068251810e-01
3.224999999999999645e+00 8.247798593989323912e-01
3.274999999999999467e+00 7.829412818967792509e-01
3.324999999999999734e+00 7.839703883380537697e-01
3.374999999999999556e+00 7.998632870910628023e-01
3.424999999999999822e+00 8.258184089492639490e-01
3.474999999999999645e+00 8.734482183007241662e-01
3.524999999999999467e+00 9.301727569058187983e-01
3.574999999999999734e+00 1.007973691866451471e+00
3.624999999999999556e+00 1.075640186826955835e+00
3.674999999999999822e+00 1.133635941309054429e+00
3.724999999999999645e+00 1.157416979995859796e+00
3.774999999999999467e+00 1.160622693107476566e+00
3.824999999999999734e+00 1.150386785613193075e+00
3.874999999999999556e+00 1.135834263595507876e+00
3.924999999999999378e+00 1.082324414532370493e+00
3.974999999999999645e+00 1.027467780882389992e+00
4.024999999999999467e+00 9.774353786072357275e-01
4.075000000000000178e+00 9.233456174755050316e-01
4.125000000000000000e+00 8.782676884738485068e-01
4.174999999999999822e+00 8.449877927846379810e-01
4.224999999999999645e+00 8.181067912499450090e-01
4.275000000000000355e+00 8.009542409160733678e-01
4.325000000000000178e+00 7.843559163789075583e-01
4.375000000000000000e+00 7.627020807398753321e-01
4.424999999999999822e+00 7.494968010947102854e-01
4.474999999999999645e+00 7.359261026147930762e-01
4.525000000000000355e+00 7.272252802483094580e-01
4.575000000000000178e+00 7.069239639913823536e-01
4.625000000000000000e+00 7.075231141736576523e-01
4.674999999999999822e+00 6.978179957232598651e-01
4.724999999999999645e+00 6.959837059223428213e-01
4.775000000000000355e+00 6.881727826514050239e-01
4.825000000000000178e+00 6.791639163835587745e-01
4.875000000000000000e+00 6.704767290496336241e-01
4.924999999999999822e+00 6.580783270127931184e-01
4.974999999999999645e+00 6.505139177010521578e-01
5.025000000000000355e+00 6.427600164595929089e-01
5.075000000000000178e+00 6.475225814833719395e-01
5.125000000000000000e+00 6.554630549902364933e-01
5.174999999999999822e+00 6.649944685661092203e-01
5.224999999999999645e+00 6.717885494740456487e-01
5.275000000000000355e+00 6.895352981032071282e-01
5.325000000000000178e+00 7.034684450994528326e-01
5.375000000000000000e+00 7.163955502328935854e-01
5.424999999999999822e+00 7.475856430605735126e-01
5.474999999999999645e+00 7.791872729802640229e-01
5.524999999999999467e+00 8.026709669214412424e-01
5.575000000000000178e+00 8.243964890992113714e-01
5.625000000000000000e+00 8.551145902533076049e-01
5.674999999999999822e+00 8.901522832872248436e-01
5.724999999999999645e+00 9.342440105556354402e-01
5.774999999999999467e+00 9.846161636656175498e-01
5.825000000000000178e+00 1.034052726108430686e+00
5.875000000000000000e+00 1.081952461881865668e+00
5.924999999999999822e+00 1.138908700459869472e+00
5.974999999999999645e+00 1.192966361219941707e+00
6.024999999999999467e+00 1.246708799425577441e+00
6.075000000000000178e+00 1.307397897465490511e+00
6.125000000000000000e+00 1.362933310463936065e+00
6.174999999999999822e+00 1.402969024483991412e+00
6.224999999999999645e+00 1.437620968525788800e+00
6.274999999999999467e+00 1.457028059454358093e+00
6.325000000000000178e+00 1.458684297468938462e+00
6.375000000000000000e+00 1.462643544910023907e+00
6.424999999999999822e+00 1.449233775043488714e+00
6.474999999999999645e+00 1.421899634383828825e+00
6.524999999999999467e+00 1.370914731000027142e+00
6.575000000000000178e+00 1.331220083284153866e+00
6.625000000000000000e+00 1.282900102827319033e+00
6.674999999999999822e+00 1.239885881126346900e+00
6.724999999999999645e+00 1.188764434291397887e+00
6.774999999999999467e+00 1.145263769750316518e+00
6.825000000000000178e+00 1.115624450148652747e+00
6.875000000000000000e+00 1.077297720685177929e+00
6.924999999999999822e+00 1.051722902906919943e+00
6.974999999999999645e+00 1.035338599646354218e+00
7.024999999999999467e+00 1.014744340191018335e+00
7.075000000000000178e+00 9.896686480119795126e-01
7.125000000000000000e+00 9.704978831617030455e-01
7.174999999999999822e+00 9.659974753217737131e-01
7.224999999999999645e+00 9.534457252176343767e-01
7.274999999999999467e+00 9.559821774793740845e-01
7.325000000000000178e+00 9.381090695354634690e-01
7.375000000000000000e+00 9.269135413503157839e-01
7.424999999999999822e+00 9.206194629341771796e-01
7.474999999999999645e+00 9.097040721985993894e-01
7.524999999999999467e+00 9.139812914133508270e-01
7.574999999999999289e+00 9.063994710444520653e-01
7.625000000000000000e+00 9.014232648443066820e-01
7.674999999999999822e+00 8.885162384017866177e-01
7.724999999999999645e+00 8.913185016584450615e-01
7.774999999999999467e+00 8.879084267171072353e-01
7.824999999999999289e+00 8.804813732161296258e-01
7.875000000000000000e+00 8.729235559432928504e-01
7.924999999999999822e+00 8.671471133704845569e-01
7.974999999999999645e+00 8.636804013276462300e-01
8.024999999999998579e+00 8.598019606196961595e-01
8.074999999999999289e+00 8.668287286525679924e-01
8.125000000000000000e+00 8.646718234657511104e-01
8.174999999999998934e+00 8.654688340479296249e-01
8.224999999999999645e+00 8.709690752795725688e-01
8.275000000000000355e+00 8.785129206261471646e-01
8.324999999999999289e+00 8.901885299984967359e-01
8.375000000000000000e+00 8.936546513775723843e-01
8.424999999999998934e+00 9.040743949604488350e-01
8.474999999999999645e+00 9.157655889498679258e-01
8.525000000000000355e+00 9.197214996623375161e-01
8.574999999999999289e+00 9.309229991621222888e-01
8.625000000000000000e+00 9.395757741509440653e-01
8.674999999999998934e+00 9.455213185842662460e-01
8.724999999999999645e+00 9.510071689434228537e-01
8.775000000000000355e+00 9.659139154315576903e-01
8.824999999999999289e+00 9.734969422903662073e-01
8.875000000000000000e+00 9.816142066145738809e-01
8.924999999999998934e+00 9.931120550007183079e-01
8.974999999999999645e+00 1.002235471728103455e+00
9.025000000000000355e+00 1.009085814260335834e+00
9.074999999999999289e+00 1.018218599417991310e+00
9.125000000000000000e+00 1.029172354848071347e+00
9.174999999999998934e+00 1.034754508571546383e+00
9.224999999999999645e+00 1.039487504463974643e+00
9.275000000000000355e+00 1.043066928130155668e+00
9.324999999999999289e+00 1.044861311478453292e+00
9.375000000000000000e+00 1.046838176023169531e+00
9.424999999999998934e+00 1.050099978904288633e+00
9.474999999999999645e+00 1.052675950524406323e+00
9.525000000000000355e+00 1.058279876801146546e+00
9.574999999999999289e+00 1.065460996750160927e+00
9.625000000000000000e+00 1.069008561629433585e+00
9.674999999999998934e+00 1.078441102331866519e+00
9.724999999999999645e+00 1.084325880842456735e+00
9.775000000000000355e+00 1.094805932803491144e+00
9.824999999999999289e+00 1.095332092369019517e+00
9.875000000000000000e+00 1.090556582083855197e+00
9.924999999999998934e+00 1.092950236241863493e+00
9.974999999999999645e+00 1.090311260429217777e+00
