2.500000000000000139e-02 0.000000000000000000e+00
7.499999999999999722e-02 0.000000000000000000e+00
1.250000000000000000e-01 0.000000000000000000e+00
1.749999999999999889e-01 0.000000000000000000e+00
2.249999999999999778e-01 0.000000000000000000e+00
2.749999999999999667e-01 0.000000000000000000e+00
3.250000000000000111e-01 0.000000000000000000e+00
3.750000000000000000e-01 0.000000000000000000e+00
4.249999999999999889e-01 0.000000000000000000e+00
4.749999999999999778e-01 0.000000000000000000e+00
5.249999999999999112e-01 0.000000000000000000e+00
5.749999999999999556e-01 0.000000000000000000e+00
6.250000000000000000e-01 0.000000000000000000e+00
6.749999999999999334e-01 0.000000000000000000e+00
7.249999999999999778e-01 0.000000000000000000e+00
7.749999999999999112e-01 0.000000000000000000e+00
8.249999999999999556e-01 0.000000000000000000e+00
8.750000000000000000e-01 0.000000000000000000e+00
9.249999999999999334e-01 0.000000000000000000e+00
9.749999999999999778e-01 0.000000000000000000e+00
1.024999999999999911e+00 0.000000000000000000e+00
1.074999999999999734e+00 0.000000000000000000e+00
1.124999999999999778e+00 0.000000000000000000e+00
1.174999999999999822e+00 0.000000000000000000e+00
1.224999999999999867e+00 0.000000000000000000e+00
1.274999999999999911e+00 0.000000000000000000e+00
1.324999999999999734e+00 0.000000000000000000e+00
1.374999999999999778e+00 0.000000000000000000e+00
1.424999999999999822e+00 0.000000000000000000e+00
1.474999999999999867e+00 0.000000000000000000e+00
1.524999999999999689e+00 0.000000000000000000e+00
1.574999999999999734e+00 0.000000000000000000e+00
1.624999999999999778e+00 0.000000000000000000e+00
1.674999999999999822e+00 0.000000000000000000e+00
1.724999999999999867e+00 0.000000000000000000e+00
1.774999999999999689e+00 0.000000000000000000e+00
1.824999999999999734e+00 0.000000000000000000e+00
1.874999999999999778e+00 0.000000000000000000e+00
1.924999999999999822e+00 0.000000000000000000e+00
1.974999999999999645e+00 0.000000000000000000e+00
2.024999999999999911e+00 0.000000000000000000e+00
2.074999999999999734e+00 0.000000000000000000e+00
2.124999999999999556e+00 0.000000000000000000e+00
2.174999999999999822e+00 0.000000000000000000e+00
2.224999999999999645e+00 0.000000000000000000e+00
2.274999999999999911e+00 0.000000000000000000e+00
2.324999999999999734e+00 1.309394823491480484e-03
2.374999999999999556e+00 9.076493746717168715e-03
2.424999999999999822e+00 4.704774049034871758e-02
2.474999999999999645e+00 1.582818692786298054e-01
2.524999999999999911e+00 3.628731105295460169e-01
2.574999999999999734e+00 7.133095347394028396e-01
2.624999999999999556e+00 1.306258741429104697e+00
2.674999999999999822e+00 2.090887505499221533e+00
2.724999999999999645e+00 2.785609687549783775e+00
2.774999999999999467e+00 3.011720379232624811e+00
2.824999999999999734e+00 2.732822464748782654e+00
2.874999999999999556e+00 2.190218005291963976e+00
2.924999999999999822e+00 1.638201796713123493e+00
2.974999999999999645e+00 1.205731096327301133e+00
3.024999999999999467e+00 9.082429881800880844e-01
3.074999999999999734e+00 7.192165379262743796e-01
3.124999999999999556e+00 6.069623559078807240e-01
3.174999999999999822e+00 5.295969107295545042e-01
3.224999999999999645e+00 4.979692148541684515e-01
3.274999999999999467e+00 4.910646509284538608e-01
3.324999999999999734e+00 5.198885923188871772e-01
3.374999999999999556e+00 5.735994543969636927e-01
3.424999999999999822e+00 6.487771510169140221e-01
3.474999999999999645e+00 7.429319549241746312e-01
3.524999999999999467e+00 8.507686293314997705e-01
3.574999999999999734e+00 9.939027564190366926e-01
3.624999999999999556e+00 1.134596350278450849e+00
3.674999999999999822e+00 1.267028197189759897e+00
3.724999999999999645e+00 1.383718274841390539e+00
3.774999999999999467e+00 1.494740060399718740e+00
3.824999999999999734e+00 1.584413892723605777e+00
3.874999999999999556e+00 1.667595737997511485e+00
3.924999999999999378e+00 1.708883167708370898e+00
3.974999999999999645e+00 1.727253831161722486e+00
4.024999999999999467e+00 1.725462632740843105e+00
4.075000000000000178e+00 1.684871089104628350e+00
4.125000000000000000e+00 1.640426430589219997e+00
4.174999999999999822e+00 1.562347604586419969e+00
4.224999999999999645e+00 1.475280402128257728e+00
4.275000000000000355e+00 1.391578349692018657e+00
4.325000000000000178e+00 1.292423662108213689e+00
4.375000000000000000e+00 1.185866919701295430e+00
4.424999999999999822e+00 1.102868307384640811e+00
4.474999999999999645e+00 1.028484547508218050e+00
4.525000000000000355e+00 9.448189766659421673e-01
4.575000000000000178e+00 8.722436009587194450e-01
4.625000000000000000e+00 8.188089251843743144e-01
4.674999999999999822e+00 7.708154698710851793e-01
4.724999999999999645e+00 7.380837935261722604e-01
4.775000000000000355e+00 7.011711961759378164e-01
4.825000000000000178e+00 6.742937175579761799e-01
4.875000000000000000e+00 6.479289974676873953e-01
4.924999999999999822e+00 6.213360526091814551e-01
4.974999999999999645e+00 6.034182428212655491e-01
5.025000000000000355e+00 5.901589277886306606e-01
5.075000000000000178e+00 5.843610384518290735e-01
5.125000000000000000e+00 5.835993815372344518e-01
5.174999999999999822e+00 5.855934010101636611e-01
5.224999999999999645e+00 5.892691935927274471e-01
5.275000000000000355e+00 6.001057913547993561e-01
5.325000000000000178e+00 6.097181370585479376e-01
5.375000000000000000e+00 6.270820656321061115e-01
5.424999999999999822e+00 6.511877796996219381e-01
5.474999999999999645e+00 6.772334598942196804e-01
5.524999999999999467e+00 7.015995512977375448e-01
5.575000000000000178e+00 7.307431486038608037e-01
5.625000000000000000e+00 7.667450913471790530e-01
5.674999999999999822e+00 8.112880631703973666e-01
5.724999999999999645e+00 8.581668165811450200e-01
5.774999999999999467e+00 9.124986600768951739e-01
5.825000000000000178e+00 9.676455562644737940e-01
5.875000000000000000e+00 1.020136382562288446e+00
5.924999999999999822e+00 1.078742156475662739e+00
5.974999999999999645e+00 1.133629983034390554e+00
6.024999999999999467e+00 1.181344063571197367e+00
6.075000000000000178e+00 1.230318494071317437e+00
6.125000000000000000e+00 1.271195290166492686e+00
6.174999999999999822e+00 1.304592746959757132e+00
6.224999999999999645e+00 1.328910046133386924e+00
6.274999999999999467e+00 1.339618668320879280e+00
6.325000000000000178e+00 1.331757464651917688e+00
6.375000000000000000e+00 1.326767419142180549e+00
6.424999999999999822e+00 1.311957989708048444e+00
6.474999999999999645e+00 1.283036336676749212e+00
6.524999999999999467e+00 1.243275314442098045e+00
6.575000000000000178e+00 1.205360157708816216e+00
6.625000000000000000e+00 1.163628466031924047e+00
6.674999999999999822e+00 1.125277417203744745e+00
6.724999999999999645e+00 1.087209046908059529e+00
6.774999999999999467e+00 1.057124331778281690e+00
6.825000000000000178e+00 1.038462025972130887e+00
6.875000000000000000e+00 1.016174916270065953e+00
6.924999999999999822e+00 1.003178716148990457e+00
6.974999999999999645e+00 9.983727480822747191e-01
7.024999999999999467e+00 9.880523149607360889e-01
7.075000000000000178e+00 9.751990861489396867e-01
7.125000000000000000e+00 9.728064543158678745e-01
7.174999999999999822e+00 9.746076702593245988e-01
7.224999999999999645e+00 9.690308045251044833e-01
7.274999999999999467e+00 9.735116438050126497e-01
7.325000000000000178e+00 9.665713529639691215e-01
7.375000000000000000e+00 9.692397430497518007e-01
7.424999999999999822e+00 9.669973279155127388e-01
7.474999999999999645e+00 9.677006998706877416e-01
7.524999999999999467e+00 9.745084039819312816e-01
7.574999999999999289e+00 9.763231787152989449e-01
7.625000000000000000e+00 9.797534005554578984e-01
7.674999999999999822e+00 9.746904428016784916e-01
7.724999999999999645e+00 9.784132079681228111e-01
7.774999999999999467e+00 9.785790672641443422e-01
7.824999999999999289e+00 9.762202981159984194e-01
7.875000000000000000e+00 9.729026289057377541e-01
7.924999999999999822e+00 9.708864906343396273e-01
7.974999999999999645e+00 9.674303215054067540e-01
8.024999999999998579e+00 9.637434622993593658e-01
8.074999999999999289e+00 9.647975310611138777e-01
8.125000000000000000e+00 9.534021743434998308e-01
8.174999999999998934e+00 9.450922960489592795e-01
8.224999999999999645e+00 9.383877223438409354e-01
8.275000000000000355e+00 9.372050465269279318e-01
8.324999999999999289e+00 9.370702060867269756e-01
8.375000000000000000e+00 9.322254234006741580e-01
8.424999999999998934e+00 9.294304626471830977e-01
8.474999999999999645e+00 9.283239593174824611e-01
8.525000000000000355e+00 9.280965874578557262e-01
8.574999999999999289e+00 9.287096759397496237e-01
8.625000000000000000e+00 9.329962969186863520e-01
8.674999999999998934e+00 9.338194535535478957e-01
8.724999999999999645e+00 9.342317772460997372e-01
8.775000000000000355e+00 9.445370973107777290e-01
8.824999999999999289e+00 9.529667972964287470e-01
8.875000000000000000e+00 9.631465113098797159e-01
8.924999999999998934e+00 9.741269132677046194e-01
8.974999999999999645e+00 9.830699360260287678e-01
9.025000000000000355e+00 9.920855800299310800e-01
9.074999999999999289e+00 1.000693542301679173e+00
9.125000000000000000e+00 1.012165209349218165e+00
9.174999999999998934e+00 1.019005942809595444e+00
9.224999999999999645e+00 1.026062078193457516e+00
9.275000000000000355e+00 1.030796691060064552e+00
9.324999999999999289e+00 1.034105294415927245e+00
9.375000000000000000e+00 1.039633548379466754e+00
9.424999999999998934e+00 1.047607695467778877e+00
9.474999999999999645e+00 1.051614403496760275e+00
9.525000000000000355e+00 1.059081899508355740e+00
9.574999999999999289e+00 1.064751935659708382e+00
9.625000000000000000e+00 1.069147518692358689e+00
9.674999999999998934e+00 1.074157076132574495e+00
9.724999999999999645e+00 1.076061122068443066e+00
9.775000000000000355e+00 1.082123730798388861e+00
9.824999999999999289e+00 1.079808876513847826e+00
9.875000000000000000e+00 1.073767575012045672e+00
9.924999999999998934e+00 1.074394094129440758e+00
9.974999999999999645e+00 1.069893871068796631e+00
