4.500000000000000111e-01 0.000000000000000000e+00
1.350000000000000089e+00 0.000000000000000000e+00
2.250000000000000444e+00 0.000000000000000000e+00
3.150000000000000355e+00 0.000000000000000000e+00
4.050000000000000711e+00 0.000000000000000000e+00
4.950000000000001066e+00 0.000000000000000000e+00
5.850000000000000533e+00 0.000000000000000000e+00
6.750000000000000888e+00 0.000000000000000000e+00
7.650000000000001243e+00 0.000000000000000000e+00
8.550000000000000711e+00 0.000000000000000000e+00
9.450000000000001066e+00 0.000000000000000000e+00
1.035000000000000142e+01 0.000000000000000000e+00
1.125000000000000000e+01 0.000000000000000000e+00
1.215000000000000036e+01 0.000000000000000000e+00
1.305000000000000071e+01 0.000000000000000000e+00
1.395000000000000107e+01 0.000000000000000000e+00
1.485000000000000142e+01 0.000000000000000000e+00
1.575000000000000178e+01 0.000000000000000000e+00
1.665000000000000213e+01 0.000000000000000000e+00
1.755000000000000071e+01 0.000000000000000000e+00
1.845000000000000284e+01 0.000000000000000000e+00
1.935000000000000142e+01 0.000000000000000000e+00
2.025000000000000355e+01 0.000000000000000000e+00
2.115000000000000213e+01 0.000000000000000000e+00
2.205000000000000071e+01 0.000000000000000000e+00
2.295000000000000284e+01 0.000000000000000000e+00
2.385000000000000142e+01 0.000000000000000000e+00
2.475000000000000355e+01 0.000000000000000000e+00
2.565000000000000213e+01 0.000000000000000000e+00
2.655000000000000426e+01 0.000000000000000000e+00
2.745000000000000284e+01 0.000000000000000000e+00
2.835000000000000497e+01 0.000000000000000000e+00
2.925000000000000355e+01 0.000000000000000000e+00
3.015000000000000213e+01 0.000000000000000000e+00
3.105000000000000426e+01 0.000000000000000000e+00
3.195000000000000284e+01 0.000000000000000000e+00
3.285000000000000853e+01 0.000000000000000000e+00
3.375000000000000711e+01 0.000000000000000000e+00
3.465000000000000568e+01 0.000000000000000000e+00
3.555000000000001137e+01 0.000000000000000000e+00
3.645000000000000995e+01 0.000000000000000000e+00
3.735000000000000853e+01 0.000000000000000000e+00
3.825000000000000711e+01 0.000000000000000000e+00
3.915000000000000568e+01 0.000000000000000000e+00
4.005000000000001137e+01 0.000000000000000000e+00
4.095000000000000995e+01 0.000000000000000000e+00
4.185000000000000853e+01 0.000000000000000000e+00
4.275000000000000711e+01 0.000000000000000000e+00
4.365000000000000568e+01 0.000000000000000000e+00
4.455000000000001137e+01 0.000000000000000000e+00
4.545000000000000995e+01 0.000000000000000000e+00
4.635000000000000853e+01 5.188958518946701066e-05
4.725000000000000711e+01 4.430572273869875046e-04
4.815000000000001279e+01 8.422078826905798985e-04
4.905000000000001137e+01 1.484840437729363681e-03
4.995000000000000995e+01 2.841952665761577398e-03
5.085000000000000853e+01 6.246707755501221260e-03
5.175000000000000711e+01 1.380662116695125993e-02
5.265000000000001279e+01 2.237638573631938604e-02
5.355000000000001137e+01 3.595948253630062985e-02
5.445000000000000995e+01 5.087574252499588168e-02
5.535000000000000853e+01 6.245909454190612387e-02
5.625000000000001421e+01 7.547140590480323763e-02
5.715000000000001279e+01 8.457603235227818816e-02
5.805000000000001137e+01 9.316176294785845358e-02
5.895000000000000995e+01 9.584405535149861932e-02
5.985000000000000853e+01 1.043619303356772554e-01
6.075000000000001421e+01 1.023741600722653522e-01
6.165000000000001279e+01 1.024499986967730703e-01
6.255000000000001137e+01 9.807530751464567376e-02
6.345000000000000995e+01 9.001645578406614057e-02
6.435000000000000853e+01 8.303131931625327977e-02
6.525000000000001421e+01 7.223828559684414286e-02
6.615000000000000568e+01 6.520125954384181632e-02
6.705000000000001137e+01 6.137739626603340437e-02
6.795000000000001705e+01 6.475820231645482150e-02
6.885000000000000853e+01 7.033433697104601867e-02
6.975000000000001421e+01 7.673671348211563714e-02
7.065000000000001990e+01 8.677535246300097094e-02
7.155000000000001137e+01 1.024539902033260869e-01
7.245000000000001705e+01 1.193380629226680478e-01
7.335000000000000853e+01 1.433908814112625218e-01
7.425000000000001421e+01 1.732034438558878175e-01
7.515000000000001990e+01 2.070833514780567319e-01
7.605000000000001137e+01 2.575320028018778240e-01
7.695000000000001705e+01 3.042645615248223967e-01
7.785000000000000853e+01 3.612552920890692576e-01
7.875000000000001421e+01 4.294501815476880480e-01
7.965000000000001990e+01 5.125134329163657521e-01
8.055000000000001137e+01 6.115746425496111360e-01
8.145000000000001705e+01 7.112705017247894501e-01
8.235000000000000853e+01 8.188136627832363068e-01
8.325000000000001421e+01 9.363475647439321037e-01
8.415000000000001990e+01 1.059281975070885506e+00
8.505000000000001137e+01 1.185685004592427205e+00
8.595000000000001705e+01 1.305541963366989799e+00
8.685000000000000853e+01 1.416912979209798085e+00
8.775000000000001421e+01 1.517993891158879949e+00
8.865000000000001990e+01 1.616807627385837387e+00
8.955000000000001137e+01 1.684240139092826549e+00
9.045000000000001705e+01 1.747709084792650414e+00
9.135000000000002274e+01 1.802947543980114586e+00
9.225000000000001421e+01 1.804412426885078746e+00
9.315000000000001990e+01 1.828596965089923199e+00
9.405000000000001137e+01 1.816031702460966457e+00
9.495000000000001705e+01 1.773274684264845469e+00
9.585000000000002274e+01 1.737518768562749560e+00
9.675000000000001421e+01 1.664909272856473388e+00
9.765000000000001990e+01 1.578449249411161937e+00
9.855000000000001137e+01 1.503253257458518011e+00
9.945000000000001705e+01 1.412362661739337444e+00
1.003500000000000227e+02 1.329315376396871917e+00
1.012500000000000142e+02 1.261439807462495954e+00
1.021500000000000199e+02 1.187836426624513608e+00
1.030500000000000114e+02 1.107419544100498809e+00
1.039500000000000171e+02 1.036530387718580526e+00
1.048500000000000227e+02 9.588037806113121064e-01
1.057500000000000142e+02 9.067984417318072365e-01
1.066500000000000199e+02 8.325883518977634790e-01
1.075500000000000256e+02 7.899790194441048685e-01
1.084500000000000171e+02 7.365686702579311573e-01
1.093500000000000227e+02 6.877884686732790298e-01
1.102500000000000142e+02 6.521203661153500697e-01
1.111500000000000199e+02 6.115027954316566428e-01
1.120500000000000256e+02 5.793512101469522335e-01
1.129500000000000171e+02 5.470239985739142607e-01
1.138500000000000227e+02 5.223006069844097210e-01
1.147500000000000142e+02 4.903645630535692912e-01
1.156500000000000199e+02 4.620328495401203606e-01
1.165500000000000256e+02 4.401873341753546054e-01
1.174500000000000171e+02 4.202537504494933129e-01
1.183500000000000227e+02 4.013180433618908638e-01
1.192500000000000142e+02 3.849369004682314244e-01
1.201500000000000199e+02 3.646001745805134142e-01
1.210500000000000256e+02 3.457921957026081072e-01
1.219500000000000171e+02 3.318897783783840150e-01
1.228500000000000227e+02 3.182348344604480905e-01
1.237500000000000142e+02 2.969042234410241288e-01
1.246500000000000199e+02 2.864504677786230968e-01
1.255500000000000256e+02 2.835366679949068436e-01
1.264500000000000171e+02 2.677582425907558128e-01
1.273500000000000227e+02 2.521394774487262791e-01
1.282500000000000284e+02 2.382290771113960426e-01
1.291500000000000057e+02 2.294916692668004243e-01
1.300500000000000114e+02 2.220115859864111307e-01
1.309500000000000171e+02 2.128391039275345509e-01
1.318499999999999943e+02 2.033912079164985343e-01
1.327500000000000000e+02 1.994316334158868775e-01
1.336500000000000057e+02 1.915883230391712821e-01
1.345500000000000114e+02 1.865630162888990695e-01
1.354500000000000171e+02 1.841681123570775014e-01
1.363500000000000227e+02 1.807473912411257100e-01
1.372500000000000000e+02 1.747242078525945153e-01
1.381500000000000057e+02 1.705291344653537544e-01
1.390500000000000114e+02 1.708005569109602162e-01
1.399500000000000171e+02 1.679346552058804121e-01
1.408500000000000227e+02 1.662502394404992423e-01
1.417500000000000000e+02 1.599676081260207328e-01
1.426500000000000057e+02 1.604026823403016111e-01
1.435500000000000114e+02 1.619593698959856387e-01
1.444500000000000171e+02 1.625341468396228339e-01
1.453500000000000227e+02 1.647135094175804226e-01
1.462500000000000000e+02 1.635000914254574889e-01
1.471500000000000057e+02 1.628215353114413899e-01
1.480500000000000114e+02 1.625062062937515650e-01
1.489500000000000171e+02 1.652324052694751078e-01
1.498500000000000227e+02 1.698465868447845972e-01
1.507500000000000000e+02 1.720898135275908125e-01
1.516500000000000057e+02 1.747162248394884543e-01
1.525500000000000114e+02 1.816414887090057884e-01
1.534500000000000171e+02 1.817891744514680830e-01
1.543500000000000227e+02 1.895486631905699548e-01
1.552500000000000000e+02 1.939792354644398198e-01
1.561500000000000057e+02 1.996391917566447405e-01
1.570500000000000114e+02 2.020540532212314888e-01
1.579500000000000171e+02 2.016349450331627324e-01
1.588500000000000227e+02 2.028763035711569074e-01
1.597500000000000000e+02 2.086440305402937900e-01
1.606500000000000057e+02 2.178484446515946693e-01
1.615500000000000114e+02 2.192454719451571998e-01
1.624500000000000171e+02 2.249134112504682093e-01
1.633500000000000227e+02 2.253524769713021458e-01
1.642500000000000000e+02 2.272723916233124475e-01
1.651500000000000057e+02 2.248056405735362473e-01
1.660500000000000114e+02 2.254163410761507724e-01
1.669500000000000171e+02 2.243027107478537119e-01
1.678500000000000227e+02 2.176448778173897813e-01
1.687500000000000000e+02 2.075423747316558765e-01
1.696500000000000057e+02 1.980106570830060808e-01
1.705500000000000114e+02 1.921032273845129368e-01
1.714500000000000171e+02 1.806196630314285956e-01
1.723500000000000227e+02 1.697268416481935438e-01
1.732500000000000000e+02 1.530702848023746399e-01
1.741500000000000057e+02 1.381220927612551164e-01
1.750500000000000114e+02 1.171347513053922207e-01
1.759500000000000171e+02 9.870197404347230696e-02
1.768500000000000227e+02 7.753102328616978678e-02
1.777500000000000284e+02 5.578529558523007137e-02
1.786500000000000057e+02 3.380806050421426845e-02
1.795500000000000114e+02 1.148356435308435161e-02
