5.000000000000000000e-01 0.000000000000000000e+00
1.500000000000000000e+00 0.000000000000000000e+00
2.500000000000000000e+00 2.305000000000000104e-01
3.500000000000000000e+00 1.807150000000000034e+01
4.500000000000000000e+00 6.773250000000000171e+01
5.500000000000000000e+00 2.000825000000000031e+01
6.500000000000000000e+00 1.928250000000000020e+00
7.500000000000000000e+00 2.900000000000000147e-02
8.500000000000000000e+00 0.000000000000000000e+00
9.500000000000000000e+00 0.000000000000000000e+00
