5.000000000000000000e-01 0.000000000000000000e+00
1.500000000000000000e+00 3.699999999999999817e-02
2.500000000000000000e+00 1.533150000000000013e+01
3.500000000000000000e+00 9.045225000000000648e+01
4.500000000000000000e+00 8.699224999999999852e+01
5.500000000000000000e+00 2.122625000000000028e+01
6.500000000000000000e+00 1.931750000000000078e+00
7.500000000000000000e+00 2.900000000000000147e-02
8.500000000000000000e+00 0.000000000000000000e+00
9.500000000000000000e+00 0.000000000000000000e+00
