5.000000000000000000e-01 0.000000000000000000e+00
1.500000000000000000e+00 3.699999999999999817e-02
2.500000000000000000e+00 1.510100000000000087e+01
3.500000000000000000e+00 7.238075000000000614e+01
4.500000000000000000e+00 1.925975000000000037e+01
5.500000000000000000e+00 1.217999999999999972e+00
6.500000000000000000e+00 3.500000000000000073e-03
7.500000000000000000e+00 0.000000000000000000e+00
8.500000000000000000e+00 0.000000000000000000e+00
9.500000000000000000e+00 0.000000000000000000e+00
