2.500000000000000139e-02 0.000000000000000000e+00
7.499999999999999722e-02 0.000000000000000000e+00
1.250000000000000000e-01 0.000000000000000000e+00
1.749999999999999889e-01 0.000000000000000000e+00
2.249999999999999778e-01 0.000000000000000000e+00
2.749999999999999667e-01 0.000000000000000000e+00
3.250000000000000111e-01 0.000000000000000000e+00
3.750000000000000000e-01 0.000000000000000000e+00
4.249999999999999889e-01 0.000000000000000000e+00
4.749999999999999778e-01 0.000000000000000000e+00
5.249999999999999112e-01 0.000000000000000000e+00
5.749999999999999556e-01 0.000000000000000000e+00
6.250000000000000000e-01 0.000000000000000000e+00
6.749999999999999334e-01 0.000000000000000000e+00
7.249999999999999778e-01 0.000000000000000000e+00
7.749999999999999112e-01 0.000000000000000000e+00
8.249999999999999556e-01 0.000000000000000000e+00
8.750000000000000000e-01 0.000000000000000000e+00
9.249999999999999334e-01 0.000000000000000000e+00
9.749999999999999778e-01 0.000000000000000000e+00
1.024999999999999911e+00 0.000000000000000000e+00
1.074999999999999734e+00 0.000000000000000000e+00
1.124999999999999778e+00 0.000000000000000000e+00
1.174999999999999822e+00 0.000000000000000000e+00
1.224999999999999867e+00 0.000000000000000000e+00
1.274999999999999911e+00 0.000000000000000000e+00
1.324999999999999734e+00 0.000000000000000000e+00
1.374999999999999778e+00 0.000000000000000000e+00
1.424999999999999822e+00 0.000000000000000000e+00
1.474999999999999867e+00 0.000000000000000000e+00
1.524999999999999689e+00 0.000000000000000000e+00
1.574999999999999734e+00 0.000000000000000000e+00
1.624999999999999778e+00 0.000000000000000000e+00
1.674999999999999822e+00 0.000000000000000000e+00
1.724999999999999867e+00 0.000000000000000000e+00
1.774999999999999689e+00 0.000000000000000000e+00
1.824999999999999734e+00 0.000000000000000000e+00
1.874999999999999778e+00 0.000000000000000000e+00
1.924999999999999822e+00 0.000000000000000000e+00
1.974999999999999645e+00 0.000000000000000000e+00
2.024999999999999911e+00 0.000000000000000000e+00
2.074999999999999734e+00 0.000000000000000000e+00
2.124999999999999556e+00 0.000000000000000000e+00
2.174999999999999822e+00 0.000000000000000000e+00
2.224999999999999645e+00 0.000000000000000000e+00
2.274999999999999911e+00 0.000000000000000000e+00
2.324999999999999734e+00 5.237579293965921937e-03
2.374999999999999556e+00 3.630597498686867486e-02
2.424999999999999822e+00 1.867939982989030578e-01
2.474999999999999645e+00 6.093590035055876930e-01
2.524999999999999911e+00 1.228557597480780972e+00
2.574999999999999734e+00 1.697944893458593896e+00
2.624999999999999556e+00 1.770238103701454291e+00
2.674999999999999822e+00 1.533723253637070183e+00
2.724999999999999645e+00 1.177988359847553790e+00
2.774999999999999467e+00 8.798498835599283252e-01
2.824999999999999734e+00 6.601175181820868598e-01
2.874999999999999556e+00 5.092343605631519665e-01
2.924999999999999822e+00 4.008063071722525739e-01
2.974999999999999645e+00 3.498968433033299852e-01
3.024999999999999467e+00 3.193964195241496551e-01
3.074999999999999734e+00 2.886849694784824338e-01
3.124999999999999556e+00 2.765242679755507971e-01
3.174999999999999822e+00 2.844153116975958739e-01
3.224999999999999645e+00 3.107716911866070797e-01
3.274999999999999467e+00 3.512435717704589511e-01
3.324999999999999734e+00 4.333253611381037151e-01
3.374999999999999556e+00 5.505042773483200813e-01
3.424999999999999822e+00 6.955905769256841564e-01
3.474999999999999645e+00 8.643035152470662785e-01
3.524999999999999467e+00 1.035073866398207532e+00
3.574999999999999734e+00 1.239568060614260281e+00
3.624999999999999556e+00 1.424459502320901239e+00
3.674999999999999822e+00 1.568511749007464706e+00
3.724999999999999645e+00 1.687066518900862899e+00
3.774999999999999467e+00 1.769009096446896301e+00
3.824999999999999734e+00 1.822284661587892263e+00
3.874999999999999556e+00 1.831186471028179108e+00
3.924999999999999378e+00 1.801698927627297886e+00
3.974999999999999645e+00 1.749913680461795185e+00
4.024999999999999467e+00 1.690671378161090255e+00
4.075000000000000178e+00 1.620544773459428267e+00
4.125000000000000000e+00 1.557133060917277101e+00
4.174999999999999822e+00 1.495223930061806428e+00
4.224999999999999645e+00 1.440003717499170666e+00
4.275000000000000355e+00 1.381652838447319009e+00
4.325000000000000178e+00 1.309079338922730207e+00
4.375000000000000000e+00 1.232319563814174179e+00
4.424999999999999822e+00 1.162042952112110950e+00
4.474999999999999645e+00 1.131276045436377276e+00
4.525000000000000355e+00 1.060728521146404146e+00
4.575000000000000178e+00 1.010069102633411653e+00
4.625000000000000000e+00 9.594442749640824664e-01
4.674999999999999822e+00 9.047350676238165024e-01
4.724999999999999645e+00 8.698494454221745720e-01
4.775000000000000355e+00 8.176791888015337850e-01
4.825000000000000178e+00 7.894211848958770927e-01
4.875000000000000000e+00 7.508575171482606558e-01
4.924999999999999822e+00 7.170700898052532191e-01
4.974999999999999645e+00 6.869333084822086821e-01
5.025000000000000355e+00 6.691161168868207110e-01
5.075000000000000178e+00 6.466724723393998397e-01
5.125000000000000000e+00 6.360458371293539193e-01
5.174999999999999822e+00 6.269424318443429511e-01
5.224999999999999645e+00 6.413179214861215449e-01
5.275000000000000355e+00 6.448208742383821912e-01
5.325000000000000178e+00 6.554340794848898533e-01
5.375000000000000000e+00 6.856710311045652873e-01
5.424999999999999822e+00 7.046056246092818887e-01
5.474999999999999645e+00 7.312822741794723358e-01
5.524999999999999467e+00 7.529918983485676121e-01
5.575000000000000178e+00 7.827954645025391178e-01
5.625000000000000000e+00 8.246598959156766773e-01
5.674999999999999822e+00 8.656490643038771138e-01
5.724999999999999645e+00 9.021841222729548582e-01
5.774999999999999467e+00 9.392650528391517373e-01
5.825000000000000178e+00 9.696079117778348966e-01
5.875000000000000000e+00 9.998126038709929109e-01
5.924999999999999822e+00 1.040418455647505125e+00
5.974999999999999645e+00 1.078355552049662602e+00
6.024999999999999467e+00 1.112246191729330480e+00
6.075000000000000178e+00 1.141858565975792494e+00
6.125000000000000000e+00 1.161557406786692059e+00
6.174999999999999822e+00 1.185545716793045878e+00
6.224999999999999645e+00 1.195320897113454572e+00
6.274999999999999467e+00 1.205475360603206036e+00
6.325000000000000178e+00 1.187388477152413246e+00
6.375000000000000000e+00 1.183245909342636848e+00
6.424999999999999822e+00 1.169633206789463920e+00
6.474999999999999645e+00 1.140099231530447677e+00
6.524999999999999467e+00 1.113519399399398369e+00
6.575000000000000178e+00 1.081978304086131937e+00
6.625000000000000000e+00 1.052223234737540869e+00
6.674999999999999822e+00 1.020977903696771882e+00
6.724999999999999645e+00 9.975371923955511644e-01
6.774999999999999467e+00 9.808654604203830285e-01
6.825000000000000178e+00 9.616680823396366318e-01
6.875000000000000000e+00 9.483999705333825414e-01
6.924999999999999822e+00 9.373559344888796607e-01
6.974999999999999645e+00 9.354585814703307856e-01
7.024999999999999467e+00 9.262950972458766641e-01
7.075000000000000178e+00 9.272462466911987056e-01
7.125000000000000000e+00 9.319691996310824900e-01
7.174999999999999822e+00 9.330798295097290085e-01
7.224999999999999645e+00 9.306278904077773806e-01
7.274999999999999467e+00 9.413323070391744762e-01
7.325000000000000178e+00 9.511419791927991918e-01
7.375000000000000000e+00 9.598704073275972082e-01
7.424999999999999822e+00 9.574427513034932113e-01
7.474999999999999645e+00 9.758390919587188739e-01
7.524999999999999467e+00 9.669506109270705752e-01
7.574999999999999289e+00 9.808155098444526487e-01
7.625000000000000000e+00 9.929163958595306205e-01
7.674999999999999822e+00 9.843661484063501721e-01
7.724999999999999645e+00 9.816984381497813050e-01
7.774999999999999467e+00 9.820839705451345214e-01
7.824999999999999289e+00 9.829916652166055258e-01
7.875000000000000000e+00 9.878624097481619737e-01
7.924999999999999822e+00 9.971397339204891574e-01
7.974999999999999645e+00 1.001886380545987887e+00
8.024999999999998579e+00 1.005509417686845985e+00
8.074999999999999289e+00 1.014324141046644812e+00
8.125000000000000000e+00 1.012547500847811976e+00
8.174999999999998934e+00 1.013152941865979040e+00
8.224999999999999645e+00 1.008198785634473182e+00
8.275000000000000355e+00 1.015220998863265889e+00
8.324999999999999289e+00 1.017843959119922204e+00
8.375000000000000000e+00 1.019080315102444345e+00
8.424999999999998934e+00 1.017539226199550395e+00
8.474999999999999645e+00 1.026456636538594314e+00
8.525000000000000355e+00 1.036998970337724479e+00
8.574999999999999289e+00 1.039344663491609477e+00
8.625000000000000000e+00 1.043236743191486626e+00
8.674999999999998934e+00 1.043116378833895297e+00
8.724999999999999645e+00 1.034546403433008077e+00
8.775000000000000355e+00 1.045827997584856561e+00
8.824999999999999289e+00 1.049962737857253137e+00
8.875000000000000000e+00 1.057419202101286038e+00
8.924999999999998934e+00 1.061945049712496925e+00
8.974999999999999645e+00 1.056772344793880158e+00
9.025000000000000355e+00 1.058219215366263732e+00
9.074999999999999289e+00 1.056622045800265086e+00
9.125000000000000000e+00 1.057527140704502377e+00
9.174999999999998934e+00 1.051579409673835119e+00
9.224999999999999645e+00 1.048519241057158435e+00
9.275000000000000355e+00 1.038037073123271314e+00
9.324999999999999289e+00 1.035535099836748518e+00
9.375000000000000000e+00 1.035505142970224668e+00
9.424999999999998934e+00 1.032821413209270567e+00
9.474999999999999645e+00 1.028889698578909551e+00
9.525000000000000355e+00 1.030422927820653367e+00
9.574999999999999289e+00 1.031416063546373607e+00
9.625000000000000000e+00 1.031918110726715243e+00
9.674999999999998934e+00 1.025827979035764725e+00
9.724999999999999645e+00 1.025225633033032935e+00
9.775000000000000355e+00 1.025539177679767988e+00
9.824999999999999289e+00 1.019313072087118632e+00
9.875000000000000000e+00 1.008804949260906803e+00
9.924999999999998934e+00 1.003040283487422579e+00
9.974999999999999645e+00 1.000650935574148193e+00
