2.500000000000000139e-02 0.000000000000000000e+00
7.499999999999999722e-02 0.000000000000000000e+00
1.250000000000000000e-01 0.000000000000000000e+00
1.749999999999999889e-01 0.000000000000000000e+00
2.249999999999999778e-01 0.000000000000000000e+00
2.749999999999999667e-01 0.000000000000000000e+00
3.250000000000000111e-01 0.000000000000000000e+00
3.750000000000000000e-01 0.000000000000000000e+00
4.249999999999999889e-01 0.000000000000000000e+00
4.749999999999999778e-01 0.000000000000000000e+00
5.249999999999999112e-01 0.000000000000000000e+00
5.749999999999999556e-01 0.000000000000000000e+00
6.250000000000000000e-01 0.000000000000000000e+00
6.749999999999999334e-01 0.000000000000000000e+00
7.249999999999999778e-01 0.000000000000000000e+00
7.749999999999999112e-01 0.000000000000000000e+00
8.249999999999999556e-01 0.000000000000000000e+00
8.750000000000000000e-01 0.000000000000000000e+00
9.249999999999999334e-01 0.000000000000000000e+00
9.749999999999999778e-01 0.000000000000000000e+00
1.024999999999999911e+00 0.000000000000000000e+00
1.074999999999999734e+00 0.000000000000000000e+00
1.124999999999999778e+00 0.000000000000000000e+00
1.174999999999999822e+00 0.000000000000000000e+00
1.224999999999999867e+00 0.000000000000000000e+00
1.274999999999999911e+00 0.000000000000000000e+00
1.324999999999999734e+00 0.000000000000000000e+00
1.374999999999999778e+00 0.000000000000000000e+00
1.424999999999999822e+00 0.000000000000000000e+00
1.474999999999999867e+00 0.000000000000000000e+00
1.524999999999999689e+00 0.000000000000000000e+00
1.574999999999999734e+00 0.000000000000000000e+00
1.624999999999999778e+00 0.000000000000000000e+00
1.674999999999999822e+00 0.000000000000000000e+00
1.724999999999999867e+00 0.000000000000000000e+00
1.774999999999999689e+00 0.000000000000000000e+00
1.824999999999999734e+00 0.000000000000000000e+00
1.874999999999999778e+00 0.000000000000000000e+00
1.924999999999999822e+00 0.000000000000000000e+00
1.974999999999999645e+00 0.000000000000000000e+00
2.024999999999999911e+00 0.000000000000000000e+00
2.074999999999999734e+00 0.000000000000000000e+00
2.124999999999999556e+00 0.000000000000000000e+00
2.174999999999999822e+00 0.000000000000000000e+00
2.224999999999999645e+00 0.000000000000000000e+00
2.274999999999999911e+00 0.000000000000000000e+00
2.324999999999999734e+00 0.000000000000000000e+00
2.374999999999999556e+00 0.000000000000000000e+00
2.424999999999999822e+00 0.000000000000000000e+00
2.474999999999999645e+00 0.000000000000000000e+00
2.524999999999999911e+00 0.000000000000000000e+00
2.574999999999999734e+00 0.000000000000000000e+00
2.624999999999999556e+00 0.000000000000000000e+00
2.674999999999999822e+00 0.000000000000000000e+00
2.724999999999999645e+00 3.556012356150772390e-04
2.774999999999999467e+00 1.466860975926000989e-03
2.824999999999999734e+00 8.997884386620835437e-03
2.874999999999999556e+00 1.683397372115131782e-02
2.924999999999999822e+00 2.217890348131125455e-02
2.974999999999999645e+00 2.318833177552672570e-02
3.024999999999999467e+00 1.865269959927532209e-02
3.074999999999999734e+00 2.007568725004350504e-02
3.124999999999999556e+00 1.839439190221891021e-02
3.174999999999999822e+00 2.161055760698352146e-02
3.224999999999999645e+00 3.154544943216092134e-02
3.274999999999999467e+00 4.713246814980170257e-02
3.324999999999999734e+00 7.828823146127182608e-02
3.374999999999999556e+00 1.441669660573211831e-01
3.424999999999999822e+00 2.478812092433296810e-01
3.474999999999999645e+00 3.605278678481221855e-01
3.524999999999999467e+00 5.076551371162675297e-01
3.574999999999999734e+00 7.200955813289883212e-01
3.624999999999999556e+00 9.626455251389719470e-01
3.674999999999999822e+00 1.232329157133531528e+00
3.724999999999999645e+00 1.532972620473019632e+00
3.774999999999999467e+00 1.888705758936942036e+00
3.824999999999999734e+00 2.214597338079470568e+00
3.874999999999999556e+00 2.567527953770858851e+00
3.924999999999999378e+00 2.869184914141475140e+00
3.974999999999999645e+00 3.104166082420322326e+00
4.024999999999999467e+00 3.256308395587783178e+00
4.075000000000000178e+00 3.272248348008116814e+00
4.125000000000000000e+00 3.248037284492417243e+00
4.174999999999999822e+00 3.064190902714654108e+00
4.224999999999999645e+00 2.824904308513702222e+00
4.275000000000000355e+00 2.582752078488911529e+00
4.325000000000000178e+00 2.291903476752368718e+00
4.375000000000000000e+00 1.985743953511298621e+00
4.424999999999999822e+00 1.750436675237048600e+00
4.474999999999999645e+00 1.510809939366954069e+00
4.525000000000000355e+00 1.264096825020685877e+00
4.575000000000000178e+00 1.065057373218617487e+00
4.625000000000000000e+00 9.007451974260408667e-01
4.674999999999999822e+00 7.828908204139942706e-01
4.724999999999999645e+00 6.905183168378211667e-01
4.775000000000000355e+00 6.106600305993450384e-01
4.825000000000000178e+00 5.494258525687730765e-01
4.875000000000000000e+00 4.999050146231302505e-01
4.924999999999999822e+00 4.521174666058557223e-01
4.974999999999999645e+00 4.257118274006723713e-01
5.025000000000000355e+00 4.059995613484780885e-01
5.075000000000000178e+00 3.957265185011685227e-01
5.125000000000000000e+00 3.874255790391168963e-01
5.174999999999999822e+00 3.854422350640462902e-01
5.224999999999999645e+00 3.721817539367961447e-01
5.275000000000000355e+00 3.765316949743697794e-01
5.325000000000000178e+00 3.765015785504022272e-01
5.375000000000000000e+00 3.898661309580800927e-01
5.424999999999999822e+00 4.049742080680833745e-01
5.474999999999999645e+00 4.192770194371097103e-01
5.524999999999999467e+00 4.480643729994968627e-01
5.575000000000000178e+00 4.913841517144551529e-01
5.625000000000000000e+00 5.320912889663842460e-01
5.674999999999999822e+00 5.991986218033169553e-01
5.724999999999999645e+00 6.619951229403707726e-01
5.774999999999999467e+00 7.414972601371812022e-01
5.825000000000000178e+00 8.328688610631928002e-01
5.875000000000000000e+00 9.168280026144653982e-01
5.924999999999999822e+00 9.967327693354082196e-01
5.974999999999999645e+00 1.070231657648028412e+00
6.024999999999999467e+00 1.119712463704286121e+00
6.075000000000000178e+00 1.164619615378411854e+00
6.125000000000000000e+00 1.197357132951361702e+00
6.174999999999999822e+00 1.226887222078015816e+00
6.224999999999999645e+00 1.245077350368553937e+00
6.274999999999999467e+00 1.238943193771597118e+00
6.325000000000000178e+00 1.222272786517380805e+00
6.375000000000000000e+00 1.198536677406102813e+00
6.424999999999999822e+00 1.179731201955731557e+00
6.474999999999999645e+00 1.148246846408905730e+00
6.524999999999999467e+00 1.117752396368944412e+00
6.575000000000000178e+00 1.077022160180852950e+00
6.625000000000000000e+00 1.036490423735563438e+00
6.674999999999999822e+00 1.000360002865552822e+00
6.724999999999999645e+00 9.737701266538616451e-01
6.774999999999999467e+00 9.571043271920932627e-01
6.825000000000000178e+00 9.609311212516186140e-01
6.875000000000000000e+00 9.617042531764552482e-01
6.924999999999999822e+00 9.719131242933800596e-01
6.974999999999999645e+00 9.873552115660644279e-01
7.024999999999999467e+00 9.964254822149103408e-01
7.075000000000000178e+00 9.942128018806154488e-01
7.125000000000000000e+00 1.018260851308910420e+00
7.174999999999999822e+00 1.033355900884021850e+00
7.224999999999999645e+00 1.038603877257459507e+00
7.274999999999999467e+00 1.040749913222154266e+00
7.325000000000000178e+00 1.038925293592132038e+00
7.375000000000000000e+00 1.063261482170705374e+00
7.424999999999999822e+00 1.069307634490101577e+00
7.474999999999999645e+00 1.075555563126843195e+00
7.524999999999999467e+00 1.103120422173943460e+00
7.574999999999999289e+00 1.111678262927822125e+00
7.625000000000000000e+00 1.123250676673646753e+00
7.674999999999999822e+00 1.137363145996812763e+00
7.724999999999999645e+00 1.149317390405828920e+00
7.774999999999999467e+00 1.156415445077255244e+00
7.824999999999999289e+00 1.160926780815077608e+00
7.875000000000000000e+00 1.157900993988218108e+00
7.924999999999999822e+00 1.152112001875887248e+00
7.974999999999999645e+00 1.140474102820363766e+00
8.024999999999998579e+00 1.129860510271191609e+00
8.074999999999999289e+00 1.111208525892655619e+00
8.125000000000000000e+00 1.071717549594694452e+00
8.174999999999998934e+00 1.036278574233991057e+00
8.224999999999999645e+00 1.003413953181741425e+00
8.275000000000000355e+00 9.765733459921497328e-01
8.324999999999999289e+00 9.500598052299767948e-01
8.375000000000000000e+00 9.225120757450919751e-01
8.424999999999998934e+00 8.920338344684727305e-01
8.474999999999999645e+00 8.553080228315883549e-01
8.525000000000000355e+00 8.359443801690453757e-01
8.574999999999999289e+00 8.136480419431467714e-01
8.625000000000000000e+00 8.095968961813942988e-01
8.674999999999998934e+00 8.011187982118371798e-01
8.724999999999999645e+00 8.003663676645645930e-01
8.775000000000000355e+00 8.004925607951608457e-01
8.824999999999999289e+00 8.149105667477499759e-01
8.875000000000000000e+00 8.319384299091250323e-01
8.924999999999998934e+00 8.483384933568606234e-01
8.974999999999999645e+00 8.710364558540342195e-01
9.025000000000000355e+00 8.919514762326945512e-01
9.074999999999999289e+00 9.097149245704696519e-01
9.125000000000000000e+00 9.327889869962325831e-01
9.174999999999998934e+00 9.549353444214141451e-01
9.224999999999999645e+00 9.767540627886858173e-01
9.275000000000000355e+00 9.990158348566949842e-01
9.324999999999999289e+00 1.011163454869991263e+00
9.375000000000000000e+00 1.029352698501271535e+00
9.424999999999998934e+00 1.057409410853260123e+00
9.474999999999999645e+00 1.072216014359603120e+00
9.525000000000000355e+00 1.089344916610511360e+00
9.574999999999999289e+00 1.096669685592099874e+00
9.625000000000000000e+00 1.106654840783853455e+00
9.674999999999998934e+00 1.113918120830798442e+00
9.724999999999999645e+00 1.110367093555748363e+00
9.775000000000000355e+00 1.113343879906803835e+00
9.824999999999999289e+00 1.109258249230199223e+00
9.875000000000000000e+00 1.105152186618941768e+00
9.924999999999998934e+00 1.108635620546583045e+00
9.974999999999999645e+00 1.098302027842586570e+00
