2.500000000000000139e-02 0.000000000000000000e+00
7.499999999999999722e-02 0.000000000000000000e+00
1.250000000000000000e-01 0.000000000000000000e+00
1.749999999999999889e-01 0.000000000000000000e+00
2.249999999999999778e-01 0.000000000000000000e+00
2.749999999999999667e-01 0.000000000000000000e+00
3.250000000000000111e-01 0.000000000000000000e+00
3.750000000000000000e-01 0.000000000000000000e+00
4.249999999999999889e-01 0.000000000000000000e+00
4.749999999999999778e-01 0.000000000000000000e+00
5.249999999999999112e-01 0.000000000000000000e+00
5.749999999999999556e-01 0.000000000000000000e+00
6.250000000000000000e-01 0.000000000000000000e+00
6.749999999999999334e-01 0.000000000000000000e+00
7.249999999999999778e-01 0.000000000000000000e+00
7.749999999999999112e-01 0.000000000000000000e+00
8.249999999999999556e-01 0.000000000000000000e+00
8.750000000000000000e-01 0.000000000000000000e+00
9.249999999999999334e-01 0.000000000000000000e+00
9.749999999999999778e-01 0.000000000000000000e+00
1.024999999999999911e+00 0.000000000000000000e+00
1.074999999999999734e+00 0.000000000000000000e+00
1.124999999999999778e+00 0.000000000000000000e+00
1.174999999999999822e+00 0.000000000000000000e+00
1.224999999999999867e+00 0.000000000000000000e+00
1.274999999999999911e+00 0.000000000000000000e+00
1.324999999999999734e+00 0.000000000000000000e+00
1.374999999999999778e+00 0.000000000000000000e+00
1.424999999999999822e+00 0.000000000000000000e+00
1.474999999999999867e+00 0.000000000000000000e+00
1.524999999999999689e+00 0.000000000000000000e+00
1.574999999999999734e+00 0.000000000000000000e+00
1.624999999999999778e+00 0.000000000000000000e+00
1.674999999999999822e+00 0.000000000000000000e+00
1.724999999999999867e+00 0.000000000000000000e+00
1.774999999999999689e+00 0.000000000000000000e+00
1.824999999999999734e+00 0.000000000000000000e+00
1.874999999999999778e+00 0.000000000000000000e+00
1.924999999999999822e+00 0.000000000000000000e+00
1.974999999999999645e+00 0.000000000000000000e+00
2.024999999999999911e+00 0.000000000000000000e+00
2.074999999999999734e+00 0.000000000000000000e+00
2.124999999999999556e+00 0.000000000000000000e+00
2.174999999999999822e+00 0.000000000000000000e+00
2.224999999999999645e+00 0.000000000000000000e+00
2.274999999999999911e+00 0.000000000000000000e+00
2.324999999999999734e+00 0.000000000000000000e+00
2.374999999999999556e+00 0.000000000000000000e+00
2.424999999999999822e+00 5.924622675746790820e-04
2.474999999999999645e+00 1.263261443698873894e-02
2.524999999999999911e+00 1.020337050825341763e-01
2.574999999999999734e+00 5.311691811247329920e-01
2.624999999999999556e+00 1.621872006544531120e+00
2.674999999999999822e+00 3.358258780487600514e+00
2.724999999999999645e+00 5.014086078105694178e+00
2.774999999999999467e+00 5.694059031335314991e+00
2.824999999999999734e+00 5.282020075401216985e+00
2.874999999999999556e+00 4.193101481200445235e+00
2.924999999999999822e+00 3.101059943077739689e+00
2.974999999999999645e+00 2.231421122727000217e+00
3.024999999999999467e+00 1.631602213464877549e+00
3.074999999999999734e+00 1.276877318312748200e+00
3.124999999999999556e+00 1.063276970540617317e+00
3.174999999999999822e+00 9.225488832165632536e-01
3.224999999999999645e+00 8.326715110677419540e-01
3.274999999999999467e+00 7.982360823925771509e-01
3.324999999999999734e+00 7.757633932263974241e-01
3.374999999999999556e+00 7.820066229461228868e-01
3.424999999999999822e+00 8.003068348072243099e-01
3.474999999999999645e+00 8.415677971934600876e-01
3.524999999999999467e+00 8.782195386709744644e-01
3.574999999999999734e+00 9.236399054150977728e-01
3.624999999999999556e+00 9.814956448109565246e-01
3.674999999999999822e+00 1.015200823683949816e+00
3.724999999999999645e+00 1.060985388396515905e+00
3.774999999999999467e+00 1.080242433818044967e+00
3.824999999999999734e+00 1.068830448844470427e+00
3.874999999999999556e+00 1.051586672529411848e+00
3.924999999999999378e+00 1.016712042542881056e+00
3.974999999999999645e+00 9.820622011632718085e-01
4.024999999999999467e+00 9.437115070859863897e-01
4.075000000000000178e+00 9.066022895015305449e-01
4.125000000000000000e+00 8.810826075643098942e-01
4.174999999999999822e+00 8.553018875912227204e-01
4.224999999999999645e+00 8.387879273871013952e-01
4.275000000000000355e+00 8.184272345287381123e-01
4.325000000000000178e+00 8.094639325397569030e-01
4.375000000000000000e+00 7.862852739150040238e-01
4.424999999999999822e+00 7.829322641096214674e-01
4.474999999999999645e+00 7.754112825697343503e-01
4.525000000000000355e+00 7.661077810454105519e-01
4.575000000000000178e+00 7.477945717091826205e-01
4.625000000000000000e+00 7.295292673516254878e-01
4.674999999999999822e+00 7.154611635398822056e-01
4.724999999999999645e+00 7.054623037635376903e-01
4.775000000000000355e+00 6.978222669644333909e-01
4.825000000000000178e+00 6.885498599717825297e-01
4.875000000000000000e+00 6.764952187607825573e-01
4.924999999999999822e+00 6.788324199537066894e-01
4.974999999999999645e+00 6.781270411124865616e-01
5.025000000000000355e+00 6.827197340257059599e-01
5.075000000000000178e+00 6.911615175403877931e-01
5.125000000000000000e+00 6.961420286664401491e-01
5.174999999999999822e+00 7.095925621341555578e-01
5.224999999999999645e+00 7.220297546640562780e-01
5.275000000000000355e+00 7.362663194186697124e-01
5.325000000000000178e+00 7.540223579221820849e-01
5.375000000000000000e+00 7.624931192576865913e-01
5.424999999999999822e+00 7.813503168772791829e-01
5.474999999999999645e+00 7.987155890108000866e-01
5.524999999999999467e+00 8.201485700201737172e-01
5.575000000000000178e+00 8.478419793193544551e-01
5.625000000000000000e+00 8.752623978568967456e-01
5.674999999999999822e+00 9.036149897435760137e-01
5.724999999999999645e+00 9.445610036786085129e-01
5.774999999999999467e+00 9.798622147785450709e-01
5.825000000000000178e+00 1.035802686767273828e+00
5.875000000000000000e+00 1.092407089295670986e+00
5.924999999999999822e+00 1.143598413628390542e+00
5.974999999999999645e+00 1.207464656830754546e+00
6.024999999999999467e+00 1.262383929289101037e+00
6.075000000000000178e+00 1.319655911104258728e+00
6.125000000000000000e+00 1.373871681191853211e+00
6.174999999999999822e+00 1.411448544064095145e+00
6.224999999999999645e+00 1.448841061985028045e+00
6.274999999999999467e+00 1.464062153746005013e+00
6.325000000000000178e+00 1.471911218932133281e+00
6.375000000000000000e+00 1.481855369821656998e+00
6.424999999999999822e+00 1.453509830888573662e+00
6.474999999999999645e+00 1.416749858907190740e+00
6.524999999999999467e+00 1.383394060893768041e+00
6.575000000000000178e+00 1.333552236587058237e+00
6.625000000000000000e+00 1.284124267269526332e+00
6.674999999999999822e+00 1.226670438861689361e+00
6.724999999999999645e+00 1.187696424683720053e+00
6.774999999999999467e+00 1.147061555403811495e+00
6.825000000000000178e+00 1.102535517320299308e+00
6.875000000000000000e+00 1.065705939604755903e+00
6.924999999999999822e+00 1.034227876262196810e+00
6.974999999999999645e+00 1.006598773293696514e+00
7.024999999999999467e+00 9.934394712069078981e-01
7.075000000000000178e+00 9.719858667373156846e-01
7.125000000000000000e+00 9.508553417408799335e-01
7.174999999999999822e+00 9.444420667312193318e-01
7.224999999999999645e+00 9.285117060789420673e-01
7.274999999999999467e+00 9.181902100134436973e-01
7.325000000000000178e+00 9.136440827805930587e-01
7.375000000000000000e+00 9.107830448303672055e-01
7.424999999999999822e+00 8.952563445419111643e-01
7.474999999999999645e+00 8.973976996477130985e-01
7.524999999999999467e+00 8.932917600615301046e-01
7.574999999999999289e+00 8.880319502848731394e-01
7.625000000000000000e+00 8.845984500290302588e-01
7.674999999999999822e+00 8.826151195368231450e-01
7.724999999999999645e+00 8.741539345003721539e-01
7.774999999999999467e+00 8.626333236037417862e-01
7.824999999999999289e+00 8.617569409355583243e-01
7.875000000000000000e+00 8.643726597067107331e-01
7.924999999999999822e+00 8.622349223806060614e-01
7.974999999999999645e+00 8.659685530593527192e-01
8.024999999999998579e+00 8.635993057137281159e-01
8.074999999999999289e+00 8.629612726566973091e-01
8.125000000000000000e+00 8.600290418630462952e-01
8.174999999999998934e+00 8.655917609973936555e-01
8.224999999999999645e+00 8.683706499514564081e-01
8.275000000000000355e+00 8.737841292627577250e-01
8.324999999999999289e+00 8.798107152876958326e-01
8.375000000000000000e+00 8.863436925360111962e-01
8.424999999999998934e+00 8.975474945555483863e-01
8.474999999999999645e+00 9.089013643121706121e-01
8.525000000000000355e+00 9.162964743027142145e-01
8.574999999999999289e+00 9.324697068381878617e-01
8.625000000000000000e+00 9.441706359249192326e-01
8.674999999999998934e+00 9.532657051158435202e-01
8.724999999999999645e+00 9.664046852744726523e-01
8.775000000000000355e+00 9.838299381051388570e-01
8.824999999999999289e+00 9.955815878950111664e-01
8.875000000000000000e+00 1.005445458527968627e+00
8.924999999999998934e+00 1.015857022784864228e+00
8.974999999999999645e+00 1.022934259392514811e+00
9.025000000000000355e+00 1.028827339074639413e+00
9.074999999999999289e+00 1.035252012617530637e+00
9.125000000000000000e+00 1.047049414165422077e+00
9.174999999999998934e+00 1.053809194847633801e+00
9.224999999999999645e+00 1.059903616389802350e+00
9.275000000000000355e+00 1.061552220827479909e+00
9.324999999999999289e+00 1.075563746818860800e+00
9.375000000000000000e+00 1.080079903592785273e+00
9.424999999999998934e+00 1.080031326541701864e+00
9.474999999999999645e+00 1.078754833571955007e+00
9.525000000000000355e+00 1.082326005186385665e+00
9.574999999999999289e+00 1.083839380173555966e+00
9.625000000000000000e+00 1.080730836936362627e+00
9.674999999999998934e+00 1.075497842334689258e+00
9.724999999999999645e+00 1.075766983908653662e+00
9.775000000000000355e+00 1.077969130317067536e+00
9.824999999999999289e+00 1.075368000089113041e+00
9.875000000000000000e+00 1.073297828823893019e+00
9.924999999999998934e+00 1.071893048078807142e+00
9.974999999999999645e+00 1.065899961741449520e+00
