5.000000000000000000e-01 0.000000000000000000e+00
1.500000000000000000e+00 1.298870112988701198e-01
2.500000000000000000e+00 3.285121487851214539e+01
3.500000000000000000e+00 1.711332866713328542e+02
4.500000000000000000e+00 4.829987001299870286e+01
5.500000000000000000e+00 3.338366163383661434e+00
6.500000000000000000e+00 2.419758024197580237e-01
7.500000000000000000e+00 5.399460053994600481e-03
8.500000000000000000e+00 0.000000000000000000e+00
9.500000000000000000e+00 0.000000000000000000e+00
