5.000000000000000000e-01 0.000000000000000000e+00
1.500000000000000000e+00 1.298870112988701198e-01
2.500000000000000000e+00 3.417758224177582349e+01
3.500000000000000000e+00 2.226728327167283226e+02
4.500000000000000000e+00 1.953846615338466108e+02
5.500000000000000000e+00 5.285591440855914414e+01
6.500000000000000000e+00 6.725927407259273849e+00
7.500000000000000000e+00 5.319468053194680718e-02
8.500000000000000000e+00 0.000000000000000000e+00
9.500000000000000000e+00 0.000000000000000000e+00
