2.500000000000000139e-02 0.000000000000000000e+00
7.499999999999999722e-02 0.000000000000000000e+00
1.250000000000000000e-01 0.000000000000000000e+00
1.749999999999999889e-01 0.000000000000000000e+00
2.249999999999999778e-01 0.000000000000000000e+00
2.749999999999999667e-01 0.000000000000000000e+00
3.250000000000000111e-01 0.000000000000000000e+00
3.750000000000000000e-01 0.000000000000000000e+00
4.249999999999999889e-01 0.000000000000000000e+00
4.749999999999999778e-01 0.000000000000000000e+00
5.249999999999999112e-01 0.000000000000000000e+00
5.749999999999999556e-01 0.000000000000000000e+00
6.250000000000000000e-01 0.000000000000000000e+00
6.749999999999999334e-01 0.000000000000000000e+00
7.249999999999999778e-01 0.000000000000000000e+00
7.749999999999999112e-01 0.000000000000000000e+00
8.249999999999999556e-01 0.000000000000000000e+00
8.750000000000000000e-01 0.000000000000000000e+00
9.249999999999999334e-01 0.000000000000000000e+00
9.749999999999999778e-01 0.000000000000000000e+00
1.024999999999999911e+00 0.000000000000000000e+00
1.074999999999999734e+00 0.000000000000000000e+00
1.124999999999999778e+00 0.000000000000000000e+00
1.174999999999999822e+00 0.000000000000000000e+00
1.224999999999999867e+00 0.000000000000000000e+00
1.274999999999999911e+00 0.000000000000000000e+00
1.324999999999999734e+00 0.000000000000000000e+00
1.374999999999999778e+00 0.000000000000000000e+00
1.424999999999999822e+00 0.000000000000000000e+00
1.474999999999999867e+00 0.000000000000000000e+00
1.524999999999999689e+00 0.000000000000000000e+00
1.574999999999999734e+00 0.000000000000000000e+00
1.624999999999999778e+00 0.000000000000000000e+00
1.674999999999999822e+00 0.000000000000000000e+00
1.724999999999999867e+00 0.000000000000000000e+00
1.774999999999999689e+00 0.000000000000000000e+00
1.824999999999999734e+00 0.000000000000000000e+00
1.874999999999999778e+00 0.000000000000000000e+00
1.924999999999999822e+00 0.000000000000000000e+00
1.974999999999999645e+00 0.000000000000000000e+00
2.024999999999999911e+00 0.000000000000000000e+00
2.074999999999999734e+00 0.000000000000000000e+00
2.124999999999999556e+00 0.000000000000000000e+00
2.174999999999999822e+00 0.000000000000000000e+00
2.224999999999999645e+00 0.000000000000000000e+00
2.274999999999999911e+00 1.133745723739586837e-04
2.324999999999999734e+00 4.084226340631476847e-03
2.374999999999999556e+00 4.103927545077325212e-02
2.424999999999999822e+00 2.154068076002987608e-01
2.474999999999999645e+00 5.735805656499267657e-01
2.524999999999999911e+00 1.105390064882589174e+00
2.574999999999999734e+00 1.547754669743395928e+00
2.624999999999999556e+00 1.669400678076002675e+00
2.674999999999999822e+00 1.517916957473967710e+00
2.724999999999999645e+00 1.238015823981803099e+00
2.774999999999999467e+00 9.437631117967087979e-01
2.824999999999999734e+00 7.184521169582590572e-01
2.874999999999999556e+00 5.570297124145663359e-01
2.924999999999999822e+00 4.665542819685943865e-01
2.974999999999999645e+00 3.955027724529817656e-01
3.024999999999999467e+00 3.631224514597086728e-01
3.074999999999999734e+00 3.310006085623312666e-01
3.124999999999999556e+00 3.040369905308097365e-01
3.174999999999999822e+00 3.040903782865745919e-01
3.224999999999999645e+00 3.361533304681460499e-01
3.274999999999999467e+00 3.754800005462682888e-01
3.324999999999999734e+00 4.308572914683121424e-01
3.374999999999999556e+00 5.330854975026401155e-01
3.424999999999999822e+00 6.348130032343591855e-01
3.474999999999999645e+00 8.022495222906269596e-01
3.524999999999999467e+00 9.787995760411042356e-01
3.574999999999999734e+00 1.162514372710895527e+00
3.624999999999999556e+00 1.338403152014942199e+00
3.674999999999999822e+00 1.491472167977868857e+00
3.724999999999999645e+00 1.616310195386052806e+00
3.774999999999999467e+00 1.738975554170873128e+00
3.824999999999999734e+00 1.802747237620613951e+00
3.874999999999999556e+00 1.832422353122494130e+00
3.924999999999999378e+00 1.836294152392407231e+00
3.974999999999999645e+00 1.804585136586127847e+00
4.024999999999999467e+00 1.782151652590401980e+00
4.075000000000000178e+00 1.748461943964245480e+00
4.125000000000000000e+00 1.658289096716658140e+00
4.174999999999999822e+00 1.584633792303959288e+00
4.224999999999999645e+00 1.493237200244394991e+00
4.275000000000000355e+00 1.417529969469176310e+00
4.325000000000000178e+00 1.346590393521308382e+00
4.375000000000000000e+00 1.254580657274418698e+00
4.424999999999999822e+00 1.195304223313650605e+00
4.474999999999999645e+00 1.124045642353728836e+00
4.525000000000000355e+00 1.059643078199892674e+00
4.575000000000000178e+00 1.007584450039894719e+00
4.625000000000000000e+00 9.591630899916476771e-01
4.674999999999999822e+00 9.047552043951404555e-01
4.724999999999999645e+00 8.650132249638545767e-01
4.775000000000000355e+00 8.197895611000384219e-01
4.825000000000000178e+00 7.882081643247192959e-01
4.875000000000000000e+00 7.482062952703748548e-01
4.924999999999999822e+00 7.133384053102681532e-01
4.974999999999999645e+00 6.836526293712406055e-01
5.025000000000000355e+00 6.651422223222362984e-01
5.075000000000000178e+00 6.416572555805158951e-01
5.125000000000000000e+00 6.354342492231921380e-01
5.174999999999999822e+00 6.406727176059651141e-01
5.224999999999999645e+00 6.455657005927999403e-01
5.275000000000000355e+00 6.550013962702830872e-01
5.325000000000000178e+00 6.512124151689322460e-01
5.375000000000000000e+00 6.575476167853095966e-01
5.424999999999999822e+00 6.716746310576802159e-01
5.474999999999999645e+00 6.929572963372133687e-01
5.524999999999999467e+00 7.195865724011374365e-01
5.575000000000000178e+00 7.576684692462258841e-01
5.625000000000000000e+00 7.961757039900836386e-01
5.674999999999999822e+00 8.387760354630092730e-01
5.724999999999999645e+00 8.772599677370427340e-01
5.774999999999999467e+00 9.258158752104577172e-01
5.825000000000000178e+00 9.657858852863829835e-01
5.875000000000000000e+00 9.890211417290533102e-01
5.924999999999999822e+00 1.013609050583875737e+00
5.974999999999999645e+00 1.043692369841775935e+00
6.024999999999999467e+00 1.064633805654648713e+00
6.075000000000000178e+00 1.090974145192853628e+00
6.125000000000000000e+00 1.104373649761130727e+00
6.174999999999999822e+00 1.115543512273934335e+00
6.224999999999999645e+00 1.109152850812064717e+00
6.274999999999999467e+00 1.120200007216268112e+00
6.325000000000000178e+00 1.121726914712683154e+00
6.375000000000000000e+00 1.113926677872743243e+00
6.424999999999999822e+00 1.117220649439606195e+00
6.474999999999999645e+00 1.103439338431190686e+00
6.524999999999999467e+00 1.086395140429697426e+00
6.575000000000000178e+00 1.070880003064421437e+00
6.625000000000000000e+00 1.065405772785512406e+00
6.674999999999999822e+00 1.038823483783833934e+00
6.724999999999999645e+00 1.015132995332070465e+00
6.774999999999999467e+00 1.005511903206040447e+00
6.825000000000000178e+00 9.980878174760698940e-01
6.875000000000000000e+00 9.898833228408733254e-01
6.924999999999999822e+00 9.780038041411871497e-01
6.974999999999999645e+00 9.701055864847099031e-01
7.024999999999999467e+00 9.576890865497842409e-01
7.075000000000000178e+00 9.579020670496826151e-01
7.125000000000000000e+00 9.599306885843902348e-01
7.174999999999999822e+00 9.689938744535995241e-01
7.224999999999999645e+00 9.721646824131539022e-01
7.274999999999999467e+00 9.787091913778300789e-01
7.325000000000000178e+00 9.864723947992452002e-01
7.375000000000000000e+00 9.914233901114135605e-01
7.424999999999999822e+00 1.012760506819198492e+00
7.474999999999999645e+00 1.021505717584389350e+00
7.524999999999999467e+00 1.019364867569244604e+00
7.574999999999999289e+00 1.028910968734261022e+00
7.625000000000000000e+00 1.023780393283127310e+00
7.674999999999999822e+00 1.018409340777987726e+00
7.724999999999999645e+00 1.031278956281844739e+00
7.774999999999999467e+00 1.024283564211806663e+00
7.824999999999999289e+00 1.016047676499039154e+00
7.875000000000000000e+00 1.004734743217257975e+00
7.924999999999999822e+00 1.006828639401241121e+00
7.974999999999999645e+00 9.982961505354933651e-01
8.024999999999998579e+00 9.939772883895792166e-01
8.074999999999999289e+00 9.795777824659298583e-01
8.125000000000000000e+00 9.797296960332821936e-01
8.174999999999998934e+00 9.794226649825524822e-01
8.224999999999999645e+00 9.796708620759339015e-01
8.275000000000000355e+00 9.769986105003088950e-01
8.324999999999999289e+00 9.768936346295602480e-01
8.375000000000000000e+00 9.839592677937697429e-01
8.424999999999998934e+00 9.844603658511601463e-01
8.474999999999999645e+00 9.827600741942158491e-01
8.525000000000000355e+00 9.845078199316434908e-01
8.574999999999999289e+00 9.947699548185927609e-01
8.625000000000000000e+00 1.004640890311929047e+00
8.674999999999998934e+00 1.017583442004095673e+00
8.724999999999999645e+00 1.023530145347104625e+00
8.775000000000000355e+00 1.031508515844628660e+00
8.824999999999999289e+00 1.045349624260586641e+00
8.875000000000000000e+00 1.058362562261822237e+00
8.924999999999998934e+00 1.063232396472098440e+00
8.974999999999999645e+00 1.066237301525316372e+00
9.025000000000000355e+00 1.072420073190628154e+00
9.074999999999999289e+00 1.075989431615526293e+00
9.125000000000000000e+00 1.074343125394624954e+00
9.174999999999998934e+00 1.068038343690163039e+00
9.224999999999999645e+00 1.060999129794372609e+00
9.275000000000000355e+00 1.059884839666945133e+00
9.324999999999999289e+00 1.054276938680423603e+00
9.375000000000000000e+00 1.045012555801264620e+00
9.424999999999998934e+00 1.039825322132814645e+00
9.474999999999999645e+00 1.028851297416494948e+00
9.525000000000000355e+00 1.031369670351055756e+00
9.574999999999999289e+00 1.027471723714531215e+00
9.625000000000000000e+00 1.016072254886287940e+00
9.674999999999998934e+00 1.015923862128345290e+00
9.724999999999999645e+00 1.019376995293219901e+00
9.775000000000000355e+00 1.016220497849247728e+00
9.824999999999999289e+00 1.012594292201343338e+00
9.875000000000000000e+00 1.003851740857289343e+00
9.924999999999998934e+00 1.005093244845539191e+00
9.974999999999999645e+00 1.005076285155070304e+00
