4.500000000000000111e-01 0.000000000000000000e+00
1.350000000000000089e+00 0.000000000000000000e+00
2.250000000000000444e+00 0.000000000000000000e+00
3.150000000000000355e+00 0.000000000000000000e+00
4.050000000000000711e+00 0.000000000000000000e+00
4.950000000000001066e+00 0.000000000000000000e+00
5.850000000000000533e+00 0.000000000000000000e+00
6.750000000000000888e+00 0.000000000000000000e+00
7.650000000000001243e+00 0.000000000000000000e+00
8.550000000000000711e+00 0.000000000000000000e+00
9.450000000000001066e+00 0.000000000000000000e+00
1.035000000000000142e+01 0.000000000000000000e+00
1.125000000000000000e+01 0.000000000000000000e+00
1.215000000000000036e+01 0.000000000000000000e+00
1.305000000000000071e+01 0.000000000000000000e+00
1.395000000000000107e+01 0.000000000000000000e+00
1.485000000000000142e+01 0.000000000000000000e+00
1.575000000000000178e+01 0.000000000000000000e+00
1.665000000000000213e+01 0.000000000000000000e+00
1.755000000000000071e+01 0.000000000000000000e+00
1.845000000000000284e+01 0.000000000000000000e+00
1.935000000000000142e+01 0.000000000000000000e+00
2.025000000000000355e+01 0.000000000000000000e+00
2.115000000000000213e+01 0.000000000000000000e+00
2.205000000000000071e+01 0.000000000000000000e+00
2.295000000000000284e+01 0.000000000000000000e+00
2.385000000000000142e+01 0.000000000000000000e+00
2.475000000000000355e+01 0.000000000000000000e+00
2.565000000000000213e+01 0.000000000000000000e+00
2.655000000000000426e+01 0.000000000000000000e+00
2.745000000000000284e+01 0.000000000000000000e+00
2.835000000000000497e+01 0.000000000000000000e+00
2.925000000000000355e+01 0.000000000000000000e+00
3.015000000000000213e+01 0.000000000000000000e+00
3.105000000000000426e+01 0.000000000000000000e+00
3.195000000000000284e+01 0.000000000000000000e+00
3.285000000000000853e+01 0.000000000000000000e+00
3.375000000000000711e+01 0.000000000000000000e+00
3.465000000000000568e+01 0.000000000000000000e+00
3.555000000000001137e+01 0.000000000000000000e+00
3.645000000000000995e+01 0.000000000000000000e+00
3.735000000000000853e+01 0.000000000000000000e+00
3.825000000000000711e+01 0.000000000000000000e+00
3.915000000000000568e+01 0.000000000000000000e+00
4.005000000000001137e+01 0.000000000000000000e+00
4.095000000000000995e+01 0.000000000000000000e+00
4.185000000000000853e+01 0.000000000000000000e+00
4.275000000000000711e+01 0.000000000000000000e+00
4.365000000000000568e+01 0.000000000000000000e+00
4.455000000000001137e+01 0.000000000000000000e+00
4.545000000000000995e+01 3.946207509111992958e-05
4.635000000000000853e+01 1.026013952369118183e-04
4.725000000000000711e+01 5.011683536572231592e-04
4.815000000000001279e+01 1.692923021409044933e-03
4.905000000000001137e+01 3.535801928164345603e-03
4.995000000000000995e+01 7.576718417495025178e-03
5.085000000000000853e+01 1.296329166743289719e-02
5.175000000000000711e+01 2.243024348179256666e-02
5.265000000000001279e+01 3.027530400990721335e-02
5.355000000000001137e+01 3.971857857921220342e-02
5.445000000000000995e+01 4.559448156027996746e-02
5.535000000000000853e+01 4.729529699670723814e-02
5.625000000000001421e+01 5.321066205286612005e-02
5.715000000000001279e+01 4.841207372178593649e-02
5.805000000000001137e+01 4.130100779036612046e-02
5.895000000000000995e+01 3.325469067928676220e-02
5.985000000000000853e+01 2.694075866470757585e-02
6.075000000000001421e+01 2.223687931384607866e-02
6.165000000000001279e+01 2.006646518383448444e-02
6.255000000000001137e+01 1.924960022944830276e-02
6.345000000000000995e+01 1.945874922743123792e-02
6.435000000000000853e+01 2.006251897632537265e-02
6.525000000000001421e+01 2.360621331950794530e-02
6.615000000000000568e+01 3.007010121943338651e-02
6.705000000000001137e+01 3.867283358929753112e-02
6.795000000000001705e+01 5.025889883605034331e-02
6.885000000000000853e+01 6.648570411351886755e-02
6.975000000000001421e+01 8.618517199900591064e-02
7.065000000000001990e+01 1.131969623988775403e-01
7.155000000000001137e+01 1.436853616142767798e-01
7.245000000000001705e+01 1.862807254676316360e-01
7.335000000000000853e+01 2.247286252289097952e-01
7.425000000000001421e+01 2.751019640827243595e-01
7.515000000000001990e+01 3.352816285966822574e-01
7.605000000000001137e+01 4.042060889508323207e-01
7.695000000000001705e+01 4.725346719711064902e-01
7.785000000000000853e+01 5.427061338981359340e-01
7.875000000000001421e+01 6.290175845374335051e-01
7.965000000000001990e+01 6.888184131305166158e-01
8.055000000000001137e+01 7.524628478374748575e-01
8.145000000000001705e+01 8.113599949109713272e-01
8.235000000000000853e+01 8.578857814434017737e-01
8.325000000000001421e+01 9.100191288462801120e-01
8.415000000000001990e+01 9.360996142740014569e-01
8.505000000000001137e+01 9.628391163557443733e-01
8.595000000000001705e+01 9.667577004122924755e-01
8.685000000000000853e+01 9.682848827183186957e-01
8.775000000000001421e+01 9.570184602798039730e-01
8.865000000000001990e+01 9.423780304209986580e-01
8.955000000000001137e+01 9.222642107470547801e-01
9.045000000000001705e+01 8.955641707404031759e-01
9.135000000000002274e+01 8.564138460425028132e-01
9.225000000000001421e+01 8.381586901053508232e-01
9.315000000000001990e+01 8.019838058693212757e-01
9.405000000000001137e+01 7.632044246772777818e-01
9.495000000000001705e+01 7.242198406947601974e-01
9.585000000000002274e+01 7.027643104677183672e-01
9.675000000000001421e+01 6.681797478578608285e-01
9.765000000000001990e+01 6.291912176678343682e-01
9.855000000000001137e+01 5.971598513163722810e-01
9.945000000000001705e+01 5.642050724077780632e-01
1.003500000000000227e+02 5.388467429542244114e-01
1.012500000000000142e+02 5.156627738381914794e-01
1.021500000000000199e+02 4.825896087043238802e-01
1.030500000000000114e+02 4.641253037691888128e-01
1.039500000000000171e+02 4.409058187855738331e-01
1.048500000000000227e+02 4.219442917042908192e-01
1.057500000000000142e+02 4.027617770024974342e-01
1.066500000000000199e+02 3.854103025849318631e-01
1.075500000000000256e+02 3.655963946816805366e-01
1.084500000000000171e+02 3.438567375139826021e-01
1.093500000000000227e+02 3.304475243980200538e-01
1.102500000000000142e+02 3.125593657592154462e-01
1.111500000000000199e+02 2.900817677873135381e-01
1.120500000000000256e+02 2.688274941432362564e-01
1.129500000000000171e+02 2.566692288076622419e-01
1.138500000000000227e+02 2.406870883957586693e-01
1.147500000000000142e+02 2.287419182656766636e-01
1.156500000000000199e+02 2.062998361613567477e-01
1.165500000000000256e+02 1.957121614144092803e-01
1.174500000000000171e+02 1.833368546658340759e-01
1.183500000000000227e+02 1.679821612478793191e-01
1.192500000000000142e+02 1.579193320996437333e-01
1.201500000000000199e+02 1.455755950111413954e-01
1.210500000000000256e+02 1.347945560962474643e-01
1.219500000000000171e+02 1.255209684498342637e-01
1.228500000000000227e+02 1.195108944134567197e-01
1.237500000000000142e+02 1.141953528986828503e-01
1.246500000000000199e+02 1.072934359652459729e-01
1.255500000000000256e+02 1.030236394403867828e-01
1.264500000000000171e+02 9.846576976736243214e-02
1.273500000000000227e+02 9.467741055861493560e-02
1.282500000000000284e+02 8.897908691545722282e-02
1.291500000000000057e+02 8.856078891949134557e-02
1.300500000000000114e+02 8.260990799575045063e-02
1.309500000000000171e+02 8.051447180841199425e-02
1.318499999999999943e+02 8.082622220163183935e-02
1.327500000000000000e+02 8.176936579630959823e-02
1.336500000000000057e+02 8.195089134172876821e-02
1.345500000000000114e+02 7.809939281283545531e-02
1.354500000000000171e+02 7.779948104214294557e-02
1.363500000000000227e+02 7.639857737640817770e-02
1.372500000000000000e+02 7.250367056491464901e-02
1.381500000000000057e+02 7.623283666102548262e-02
1.390500000000000114e+02 7.686028365497428461e-02
1.399500000000000171e+02 7.626835252860748871e-02
1.408500000000000227e+02 7.427946394401503671e-02
1.417500000000000000e+02 7.510422131341944196e-02
1.426500000000000057e+02 7.554619655444000381e-02
1.435500000000000114e+02 7.277201267553426445e-02
1.444500000000000171e+02 7.518314546360169159e-02
1.453500000000000227e+02 7.556987379949466066e-02
1.462500000000000000e+02 7.521076891616547411e-02
1.471500000000000057e+02 7.528180065132948628e-02
1.480500000000000114e+02 7.716414163317590613e-02
1.489500000000000171e+02 7.738118304617706833e-02
1.498500000000000227e+02 7.698656229526587569e-02
1.507500000000000000e+02 7.766530998683313092e-02
1.516500000000000057e+02 7.842692803609174756e-02
1.525500000000000114e+02 7.111065931419811859e-02
1.534500000000000171e+02 7.110671310668899292e-02
1.543500000000000227e+02 6.941773629278906454e-02
1.552500000000000000e+02 7.057397509295888771e-02
1.561500000000000057e+02 7.167496698800111810e-02
1.570500000000000114e+02 6.892051414664096542e-02
1.579500000000000171e+02 6.599242817487985246e-02
1.588500000000000227e+02 6.225931587125991401e-02
1.597500000000000000e+02 6.341950087893884203e-02
1.606500000000000057e+02 6.448892311390819199e-02
1.615500000000000114e+02 6.086235841303425792e-02
1.624500000000000171e+02 5.913786573155232346e-02
1.633500000000000227e+02 5.594538385668072766e-02
1.642500000000000000e+02 5.644260600282883372e-02
1.651500000000000057e+02 5.453264156841863830e-02
1.660500000000000114e+02 5.429981532538102201e-02
1.669500000000000171e+02 5.436295464552681062e-02
1.678500000000000227e+02 5.138356797614727217e-02
1.687500000000000000e+02 4.514066769673208412e-02
1.696500000000000057e+02 4.056306698616217454e-02
1.705500000000000114e+02 4.113921328249252329e-02
1.714500000000000171e+02 3.843606113875080998e-02
1.723500000000000227e+02 3.724825267850809946e-02
1.732500000000000000e+02 3.200374289889826307e-02
1.741500000000000057e+02 2.782076293923954960e-02
1.750500000000000114e+02 2.298271253306824816e-02
1.759500000000000171e+02 1.716205645712805955e-02
1.768500000000000227e+02 1.311324755277915206e-02
1.777500000000000284e+02 1.063897544456593285e-02
1.786500000000000057e+02 6.100836809087141141e-03
1.795500000000000114e+02 1.771847171591285023e-03
