4.500000000000000111e-01 0.000000000000000000e+00
1.350000000000000089e+00 0.000000000000000000e+00
2.250000000000000444e+00 0.000000000000000000e+00
3.150000000000000355e+00 0.000000000000000000e+00
4.050000000000000711e+00 0.000000000000000000e+00
4.950000000000001066e+00 0.000000000000000000e+00
5.850000000000000533e+00 0.000000000000000000e+00
6.750000000000000888e+00 0.000000000000000000e+00
7.650000000000001243e+00 0.000000000000000000e+00
8.550000000000000711e+00 0.000000000000000000e+00
9.450000000000001066e+00 0.000000000000000000e+00
1.035000000000000142e+01 0.000000000000000000e+00
1.125000000000000000e+01 0.000000000000000000e+00
1.215000000000000036e+01 0.000000000000000000e+00
1.305000000000000071e+01 0.000000000000000000e+00
1.395000000000000107e+01 0.000000000000000000e+00
1.485000000000000142e+01 0.000000000000000000e+00
1.575000000000000178e+01 0.000000000000000000e+00
1.665000000000000213e+01 0.000000000000000000e+00
1.755000000000000071e+01 0.000000000000000000e+00
1.845000000000000284e+01 0.000000000000000000e+00
1.935000000000000142e+01 0.000000000000000000e+00
2.025000000000000355e+01 0.000000000000000000e+00
2.115000000000000213e+01 0.000000000000000000e+00
2.205000000000000071e+01 0.000000000000000000e+00
2.295000000000000284e+01 0.000000000000000000e+00
2.385000000000000142e+01 0.000000000000000000e+00
2.475000000000000355e+01 0.000000000000000000e+00
2.565000000000000213e+01 0.000000000000000000e+00
2.655000000000000426e+01 0.000000000000000000e+00
2.745000000000000284e+01 0.000000000000000000e+00
2.835000000000000497e+01 0.000000000000000000e+00
2.925000000000000355e+01 0.000000000000000000e+00
3.015000000000000213e+01 0.000000000000000000e+00
3.105000000000000426e+01 0.000000000000000000e+00
3.195000000000000284e+01 0.000000000000000000e+00
3.285000000000000853e+01 0.000000000000000000e+00
3.375000000000000711e+01 0.000000000000000000e+00
3.465000000000000568e+01 0.000000000000000000e+00
3.555000000000001137e+01 0.000000000000000000e+00
3.645000000000000995e+01 0.000000000000000000e+00
3.735000000000000853e+01 0.000000000000000000e+00
3.825000000000000711e+01 0.000000000000000000e+00
3.915000000000000568e+01 0.000000000000000000e+00
4.005000000000001137e+01 0.000000000000000000e+00
4.095000000000000995e+01 0.000000000000000000e+00
4.185000000000000853e+01 0.000000000000000000e+00
4.275000000000000711e+01 0.000000000000000000e+00
4.365000000000000568e+01 0.000000000000000000e+00
4.455000000000001137e+01 0.000000000000000000e+00
4.545000000000000995e+01 3.946207509111992958e-05
4.635000000000000853e+01 1.933641679464876773e-04
4.725000000000000711e+01 6.787476915672628185e-04
4.815000000000001279e+01 2.336154845394300145e-03
4.905000000000001137e+01 4.838050406171303178e-03
4.995000000000000995e+01 1.101386515793157175e-02
5.085000000000000853e+01 2.061498802760105414e-02
5.175000000000000711e+01 3.589470350288268691e-02
5.265000000000001279e+01 5.245299021111660825e-02
5.355000000000001137e+01 7.027406332226637797e-02
5.445000000000000995e+01 8.676921071035451072e-02
5.535000000000000853e+01 1.016582516422340488e-01
5.625000000000001421e+01 1.202961897077699932e-01
5.715000000000001279e+01 1.227467845709285521e-01
5.805000000000001137e+01 1.206079401009898383e-01
5.895000000000000995e+01 1.167564415720965532e-01
5.985000000000000853e+01 1.173838885660453552e-01
6.075000000000001421e+01 1.094086031901299882e-01
6.165000000000001279e+01 1.068277834791707681e-01
6.255000000000001137e+01 9.984299618804254317e-02
6.345000000000000995e+01 9.369085868133693318e-02
6.435000000000000853e+01 8.626409614918817415e-02
6.525000000000001421e+01 8.725459423397527448e-02
6.615000000000000568e+01 9.244780331596666456e-02
6.705000000000001137e+01 1.013188777964504211e-01
6.795000000000001705e+01 1.127747181954025374e-01
6.885000000000000853e+01 1.353549175625413381e-01
6.975000000000001421e+01 1.605396138856940991e-01
7.065000000000001990e+01 2.006962214984177317e-01
7.155000000000001137e+01 2.475416508390862191e-01
7.245000000000001705e+01 3.104915530244407029e-01
7.335000000000000853e+01 3.756710624524435271e-01
7.425000000000001421e+01 4.545439119370649483e-01
7.515000000000001990e+01 5.483610492586933338e-01
7.605000000000001137e+01 6.695648666935591908e-01
7.695000000000001705e+01 7.893204259725807859e-01
7.785000000000000853e+01 9.227732715157301868e-01
7.875000000000001421e+01 1.079528472400185901e+00
7.965000000000001990e+01 1.211177901111671229e+00
8.055000000000001137e+01 1.375592690771313187e+00
8.145000000000001705e+01 1.544478533538779175e+00
8.235000000000000853e+01 1.709998261300972544e+00
8.325000000000001421e+01 1.869152756350968225e+00
8.415000000000001990e+01 2.011263581169109305e+00
8.505000000000001137e+01 2.169269729833953608e+00
8.595000000000001705e+01 2.284163561461749481e+00
8.685000000000000853e+01 2.392530365869473652e+00
8.775000000000001421e+01 2.488778367016715176e+00
8.865000000000001990e+01 2.567781441349137328e+00
8.955000000000001137e+01 2.640281165706542588e+00
9.045000000000001705e+01 2.663966303176233286e+00
9.135000000000002274e+01 2.658378473343330661e+00
9.225000000000001421e+01 2.649688924408265756e+00
9.315000000000001990e+01 2.607669706851241553e+00
9.405000000000001137e+01 2.561656927294995612e+00
9.495000000000001705e+01 2.492037934419241818e+00
9.585000000000002274e+01 2.426751877388492851e+00
9.675000000000001421e+01 2.316617172016686155e+00
9.765000000000001990e+01 2.211782223329616937e+00
9.855000000000001137e+01 2.105013632963082859e+00
9.945000000000001705e+01 1.989997468902505062e+00
1.003500000000000227e+02 1.890777973500902265e+00
1.012500000000000142e+02 1.781850807626883526e+00
1.021500000000000199e+02 1.664869432226767643e+00
1.030500000000000114e+02 1.559178156510221180e+00
1.039500000000000171e+02 1.472365537517266620e+00
1.048500000000000227e+02 1.386227720008369912e+00
1.057500000000000142e+02 1.303171890564089885e+00
1.066500000000000199e+02 1.219634623803698137e+00
1.075500000000000256e+02 1.157185889972000670e+00
1.084500000000000171e+02 1.078052590791777954e+00
1.093500000000000227e+02 1.013500528357724084e+00
1.102500000000000142e+02 9.651002932584653582e-01
1.111500000000000199e+02 9.014085040613979416e-01
1.120500000000000256e+02 8.368446030048165563e-01
1.129500000000000171e+02 7.939019728906598905e-01
1.138500000000000227e+02 7.539702991059554771e-01
1.147500000000000142e+02 7.191647488755879003e-01
1.156500000000000199e+02 6.650148894355530915e-01
1.165500000000000256e+02 6.360734035637256589e-01
1.174500000000000171e+02 5.960036125162024856e-01
1.183500000000000227e+02 5.562810877294811496e-01
1.192500000000000142e+02 5.321224053586975922e-01
1.201500000000000199e+02 5.066851517549616490e-01
1.210500000000000256e+02 4.698670356949467553e-01
1.219500000000000171e+02 4.382815907920144527e-01
1.228500000000000227e+02 4.159776259505134077e-01
1.237500000000000142e+02 3.989339557186586394e-01
1.246500000000000199e+02 3.787293732720052875e-01
1.255500000000000256e+02 3.644006938064196510e-01
1.264500000000000171e+02 3.502219702261802903e-01
1.273500000000000227e+02 3.303172995502193787e-01
1.282500000000000284e+02 3.172435140725313185e-01
1.291500000000000057e+02 3.100298467458746376e-01
1.300500000000000114e+02 2.939529973537523544e-01
1.309500000000000171e+02 2.823827169370359824e-01
1.318499999999999943e+02 2.775486127383737789e-01
1.327500000000000000e+02 2.762858263354579513e-01
1.336500000000000057e+02 2.717989883975976406e-01
1.345500000000000114e+02 2.683026485445244025e-01
1.354500000000000171e+02 2.603431479986454966e-01
1.363500000000000227e+02 2.556432148552931216e-01
1.372500000000000000e+02 2.488162758645293682e-01
1.381500000000000057e+02 2.524507329804215328e-01
1.390500000000000114e+02 2.449292614680540492e-01
1.399500000000000171e+02 2.463420037563161802e-01
1.408500000000000227e+02 2.495818401212970827e-01
1.417500000000000000e+02 2.514918045557072990e-01
1.426500000000000057e+02 2.532478668972621416e-01
1.435500000000000114e+02 2.510300982771411782e-01
1.444500000000000171e+02 2.528058916562415659e-01
1.453500000000000227e+02 2.510498293146867232e-01
1.462500000000000000e+02 2.523165619251117042e-01
1.471500000000000057e+02 2.549447361261802936e-01
1.480500000000000114e+02 2.597038623821693593e-01
1.489500000000000171e+02 2.691510831589835062e-01
1.498500000000000227e+02 2.654732177604910981e-01
1.507500000000000000e+02 2.652995846300901794e-01
1.516500000000000057e+02 2.678882967560676787e-01
1.525500000000000114e+02 2.623399289982561444e-01
1.534500000000000171e+02 2.675962774003933231e-01
1.543500000000000227e+02 2.695259728723490844e-01
1.552500000000000000e+02 2.710058006882661297e-01
1.561500000000000057e+02 2.755518317387631311e-01
1.570500000000000114e+02 2.762226870153121627e-01
1.579500000000000171e+02 2.756347020964544647e-01
1.588500000000000227e+02 2.746323653891400429e-01
1.597500000000000000e+02 2.743600770710112879e-01
1.606500000000000057e+02 2.784917563330515655e-01
1.615500000000000114e+02 2.780261038469763468e-01
1.624500000000000171e+02 2.718976435853254214e-01
1.633500000000000227e+02 2.765344374085320078e-01
1.642500000000000000e+02 2.775762361909375753e-01
1.651500000000000057e+02 2.789731936491632314e-01
1.660500000000000114e+02 2.765699532761140000e-01
1.669500000000000171e+02 2.755084234561629430e-01
1.678500000000000227e+02 2.684999589199800196e-01
1.687500000000000000e+02 2.566258205250619984e-01
1.696500000000000057e+02 2.463538423788435294e-01
1.705500000000000114e+02 2.414802761050901803e-01
1.714500000000000171e+02 2.283985982123839520e-01
1.723500000000000227e+02 2.180161262559102697e-01
1.732500000000000000e+02 1.959489338649560153e-01
1.741500000000000057e+02 1.736173455708912294e-01
1.750500000000000114e+02 1.536929438573848006e-01
1.759500000000000171e+02 1.275493191095178336e-01
1.768500000000000227e+02 9.817769661919727164e-02
1.777500000000000284e+02 7.116196001181657182e-02
1.786500000000000057e+02 4.298603839675693705e-02
1.795500000000000114e+02 1.407217597749336503e-02
