2.500000000000000139e-02 0.000000000000000000e+00
7.499999999999999722e-02 0.000000000000000000e+00
1.250000000000000000e-01 0.000000000000000000e+00
1.749999999999999889e-01 0.000000000000000000e+00
2.249999999999999778e-01 0.000000000000000000e+00
2.749999999999999667e-01 0.000000000000000000e+00
3.250000000000000111e-01 0.000000000000000000e+00
3.750000000000000000e-01 0.000000000000000000e+00
4.249999999999999889e-01 0.000000000000000000e+00
4.749999999999999778e-01 0.000000000000000000e+00
5.249999999999999112e-01 0.000000000000000000e+00
5.749999999999999556e-01 0.000000000000000000e+00
6.250000000000000000e-01 0.000000000000000000e+00
6.749999999999999334e-01 0.000000000000000000e+00
7.249999999999999778e-01 0.000000000000000000e+00
7.749999999999999112e-01 0.000000000000000000e+00
8.249999999999999556e-01 0.000000000000000000e+00
8.750000000000000000e-01 0.000000000000000000e+00
9.249999999999999334e-01 0.000000000000000000e+00
9.749999999999999778e-01 0.000000000000000000e+00
1.024999999999999911e+00 0.000000000000000000e+00
1.074999999999999734e+00 0.000000000000000000e+00
1.124999999999999778e+00 0.000000000000000000e+00
1.174999999999999822e+00 0.000000000000000000e+00
1.224999999999999867e+00 0.000000000000000000e+00
1.274999999999999911e+00 0.000000000000000000e+00
1.324999999999999734e+00 0.000000000000000000e+00
1.374999999999999778e+00 0.000000000000000000e+00
1.424999999999999822e+00 0.000000000000000000e+00
1.474999999999999867e+00 0.000000000000000000e+00
1.524999999999999689e+00 0.000000000000000000e+00
1.574999999999999734e+00 0.000000000000000000e+00
1.624999999999999778e+00 0.000000000000000000e+00
1.674999999999999822e+00 0.000000000000000000e+00
1.724999999999999867e+00 0.000000000000000000e+00
1.774999999999999689e+00 0.000000000000000000e+00
1.824999999999999734e+00 0.000000000000000000e+00
1.874999999999999778e+00 0.000000000000000000e+00
1.924999999999999822e+00 0.000000000000000000e+00
1.974999999999999645e+00 0.000000000000000000e+00
2.024999999999999911e+00 0.000000000000000000e+00
2.074999999999999734e+00 0.000000000000000000e+00
2.124999999999999556e+00 0.000000000000000000e+00
2.174999999999999822e+00 0.000000000000000000e+00
2.224999999999999645e+00 0.000000000000000000e+00
2.274999999999999911e+00 0.000000000000000000e+00
2.324999999999999734e+00 0.000000000000000000e+00
2.374999999999999556e+00 0.000000000000000000e+00
2.424999999999999822e+00 0.000000000000000000e+00
2.474999999999999645e+00 0.000000000000000000e+00
2.524999999999999911e+00 0.000000000000000000e+00
2.574999999999999734e+00 0.000000000000000000e+00
2.624999999999999556e+00 0.000000000000000000e+00
2.674999999999999822e+00 3.485175548284970130e-04
2.724999999999999645e+00 4.148681082175901483e-04
2.774999999999999467e+00 3.905279221621161417e-04
2.824999999999999734e+00 4.595446571307941052e-04
2.874999999999999556e+00 2.218499436103244307e-03
2.924999999999999822e+00 3.455005064927781609e-03
2.974999999999999645e+00 6.298474678127594095e-03
3.024999999999999467e+00 9.210121117132234400e-03
3.074999999999999734e+00 1.222537987096929991e-02
3.124999999999999556e+00 1.755316205613954156e-02
3.174999999999999822e+00 2.390986272611038410e-02
3.224999999999999645e+00 3.832987204645506296e-02
3.274999999999999467e+00 7.129367098980028683e-02
3.324999999999999734e+00 1.018874890297254004e-01
3.374999999999999556e+00 1.585913900330397364e-01
3.424999999999999822e+00 2.434104309316767745e-01
3.474999999999999645e+00 3.655512284760477626e-01
3.524999999999999467e+00 5.067755746214400725e-01
3.574999999999999734e+00 7.010932902037051440e-01
3.624999999999999556e+00 9.268710457259105029e-01
3.674999999999999822e+00 1.194773379705279304e+00
3.724999999999999645e+00 1.518187006960051155e+00
3.774999999999999467e+00 1.897898544970358925e+00
3.824999999999999734e+00 2.298968728365696990e+00
3.874999999999999556e+00 2.642628551866155640e+00
3.924999999999999378e+00 2.930147927889412696e+00
3.974999999999999645e+00 3.143759599384251757e+00
4.024999999999999467e+00 3.265218723728201322e+00
4.075000000000000178e+00 3.311128383050155666e+00
4.125000000000000000e+00 3.235070551530488725e+00
4.174999999999999822e+00 3.047000744703665998e+00
4.224999999999999645e+00 2.855862321559072381e+00
4.275000000000000355e+00 2.592436776682830679e+00
4.325000000000000178e+00 2.297922656013169362e+00
4.375000000000000000e+00 2.022046129160950834e+00
4.424999999999999822e+00 1.757925050181531113e+00
4.474999999999999645e+00 1.500920330287314419e+00
4.525000000000000355e+00 1.290727791569947991e+00
4.575000000000000178e+00 1.114536653850346060e+00
4.625000000000000000e+00 9.523872179730019649e-01
4.674999999999999822e+00 8.146934946065449434e-01
4.724999999999999645e+00 7.309986648452146962e-01
4.775000000000000355e+00 6.283311815683186863e-01
4.825000000000000178e+00 5.454244600353571615e-01
4.875000000000000000e+00 4.857013789048145735e-01
4.924999999999999822e+00 4.502637205803914355e-01
4.974999999999999645e+00 4.076429018906627677e-01
5.025000000000000355e+00 3.959922025948235946e-01
5.075000000000000178e+00 3.672386063835464953e-01
5.125000000000000000e+00 3.550030420960960664e-01
5.174999999999999822e+00 3.558315988444316624e-01
5.224999999999999645e+00 3.511846674606922680e-01
5.275000000000000355e+00 3.546601798789294491e-01
5.325000000000000178e+00 3.449399815412332870e-01
5.375000000000000000e+00 3.563247003747315733e-01
5.424999999999999822e+00 3.582282975970654260e-01
5.474999999999999645e+00 3.690008736864403005e-01
5.524999999999999467e+00 3.867059355036360224e-01
5.575000000000000178e+00 4.218701435173154435e-01
5.625000000000000000e+00 4.749954020179509850e-01
5.674999999999999822e+00 5.443638864551770817e-01
5.724999999999999645e+00 6.254201514417254693e-01
5.774999999999999467e+00 7.140028742767845493e-01
5.825000000000000178e+00 8.182984659544008110e-01
5.875000000000000000e+00 9.058304018691843984e-01
5.924999999999999822e+00 9.827482515198894264e-01
5.974999999999999645e+00 1.040739907460612734e+00
6.024999999999999467e+00 1.099340351647040581e+00
6.075000000000000178e+00 1.145279083441899548e+00
6.125000000000000000e+00 1.167161012203842940e+00
6.174999999999999822e+00 1.197226216541328325e+00
6.224999999999999645e+00 1.213888235239426461e+00
6.274999999999999467e+00 1.218548791148445831e+00
6.325000000000000178e+00 1.215178946880408173e+00
6.375000000000000000e+00 1.217875744898996748e+00
6.424999999999999822e+00 1.189966016694011142e+00
6.474999999999999645e+00 1.170985637599659457e+00
6.524999999999999467e+00 1.121304874900167503e+00
6.575000000000000178e+00 1.091132154263797727e+00
6.625000000000000000e+00 1.067432955677524387e+00
6.674999999999999822e+00 1.044371417814591307e+00
6.724999999999999645e+00 1.027143035035711360e+00
6.774999999999999467e+00 1.006630525390443287e+00
6.825000000000000178e+00 1.009187900188668108e+00
6.875000000000000000e+00 1.001572096533590583e+00
6.924999999999999822e+00 1.005502107080386009e+00
6.974999999999999645e+00 1.007385040182958269e+00
7.024999999999999467e+00 1.013197084113647950e+00
7.075000000000000178e+00 1.009414689088969919e+00
7.125000000000000000e+00 1.008965881360764261e+00
7.174999999999999822e+00 1.017905139026860528e+00
7.224999999999999645e+00 1.025424798359688472e+00
7.274999999999999467e+00 1.048269916723269857e+00
7.325000000000000178e+00 1.055567937130008183e+00
7.375000000000000000e+00 1.056095069788212104e+00
7.424999999999999822e+00 1.072064408413886394e+00
7.474999999999999645e+00 1.078947708486225787e+00
7.524999999999999467e+00 1.104041424978297714e+00
7.574999999999999289e+00 1.117911344406317564e+00
7.625000000000000000e+00 1.139838309036525166e+00
7.674999999999999822e+00 1.148241427154088612e+00
7.724999999999999645e+00 1.154595391865011367e+00
7.774999999999999467e+00 1.165438280735014986e+00
7.824999999999999289e+00 1.159167004031215864e+00
7.875000000000000000e+00 1.164995298660326695e+00
7.924999999999999822e+00 1.159795621591165560e+00
7.974999999999999645e+00 1.144350351797309040e+00
8.024999999999998579e+00 1.122026635179184328e+00
8.074999999999999289e+00 1.092333585766202209e+00
8.125000000000000000e+00 1.072020883177929429e+00
8.174999999999998934e+00 1.050236270808454719e+00
8.224999999999999645e+00 1.010277309045281902e+00
8.275000000000000355e+00 9.765519220874604445e-01
8.324999999999999289e+00 9.439424456839716759e-01
8.375000000000000000e+00 9.127770284190978023e-01
8.424999999999998934e+00 8.873401704977563753e-01
8.474999999999999645e+00 8.598954061645551761e-01
8.525000000000000355e+00 8.293900513977514599e-01
8.574999999999999289e+00 8.176272853613019143e-01
8.625000000000000000e+00 8.102003415474148262e-01
8.674999999999998934e+00 8.000203244064051367e-01
8.724999999999999645e+00 7.969891276933285251e-01
8.775000000000000355e+00 8.045649253800108980e-01
8.824999999999999289e+00 8.191563642352543972e-01
8.875000000000000000e+00 8.360629532566286048e-01
8.924999999999998934e+00 8.449994952521920899e-01
8.974999999999999645e+00 8.682854808409840031e-01
9.025000000000000355e+00 8.856881135484083734e-01
9.074999999999999289e+00 9.113483936707316158e-01
9.125000000000000000e+00 9.302554455865792438e-01
9.174999999999998934e+00 9.467524946492039684e-01
9.224999999999999645e+00 9.818428992487001628e-01
9.275000000000000355e+00 9.961193409664740317e-01
9.324999999999999289e+00 1.011583539294514056e+00
9.375000000000000000e+00 1.036968977424725491e+00
9.424999999999998934e+00 1.055805002100790535e+00
9.474999999999999645e+00 1.072340205353000009e+00
9.525000000000000355e+00 1.087596151372890674e+00
9.574999999999999289e+00 1.096895305030756163e+00
9.625000000000000000e+00 1.102338858163249391e+00
9.674999999999998934e+00 1.102143513611017811e+00
9.724999999999999645e+00 1.102985137050297215e+00
9.775000000000000355e+00 1.099906679828270839e+00
9.824999999999999289e+00 1.098837377554847228e+00
9.875000000000000000e+00 1.088528662591615959e+00
9.924999999999998934e+00 1.088231105807673460e+00
9.974999999999999645e+00 1.076984714194147763e+00
