2.500000000000000139e-02 0.000000000000000000e+00
7.499999999999999722e-02 0.000000000000000000e+00
1.250000000000000000e-01 0.000000000000000000e+00
1.749999999999999889e-01 0.000000000000000000e+00
2.249999999999999778e-01 0.000000000000000000e+00
2.749999999999999667e-01 0.000000000000000000e+00
3.250000000000000111e-01 0.000000000000000000e+00
3.750000000000000000e-01 0.000000000000000000e+00
4.249999999999999889e-01 0.000000000000000000e+00
4.749999999999999778e-01 0.000000000000000000e+00
5.249999999999999112e-01 0.000000000000000000e+00
5.749999999999999556e-01 0.000000000000000000e+00
6.250000000000000000e-01 0.000000000000000000e+00
6.749999999999999334e-01 0.000000000000000000e+00
7.249999999999999778e-01 0.000000000000000000e+00
7.749999999999999112e-01 0.000000000000000000e+00
8.249999999999999556e-01 0.000000000000000000e+00
8.750000000000000000e-01 0.000000000000000000e+00
9.249999999999999334e-01 0.000000000000000000e+00
9.749999999999999778e-01 0.000000000000000000e+00
1.024999999999999911e+00 0.000000000000000000e+00
1.074999999999999734e+00 0.000000000000000000e+00
1.124999999999999778e+00 0.000000000000000000e+00
1.174999999999999822e+00 0.000000000000000000e+00
1.224999999999999867e+00 0.000000000000000000e+00
1.274999999999999911e+00 0.000000000000000000e+00
1.324999999999999734e+00 0.000000000000000000e+00
1.374999999999999778e+00 0.000000000000000000e+00
1.424999999999999822e+00 0.000000000000000000e+00
1.474999999999999867e+00 0.000000000000000000e+00
1.524999999999999689e+00 0.000000000000000000e+00
1.574999999999999734e+00 0.000000000000000000e+00
1.624999999999999778e+00 0.000000000000000000e+00
1.674999999999999822e+00 0.000000000000000000e+00
1.724999999999999867e+00 0.000000000000000000e+00
1.774999999999999689e+00 0.000000000000000000e+00
1.824999999999999734e+00 0.000000000000000000e+00
1.874999999999999778e+00 0.000000000000000000e+00
1.924999999999999822e+00 0.000000000000000000e+00
1.974999999999999645e+00 0.000000000000000000e+00
2.024999999999999911e+00 0.000000000000000000e+00
2.074999999999999734e+00 0.000000000000000000e+00
2.124999999999999556e+00 0.000000000000000000e+00
2.174999999999999822e+00 0.000000000000000000e+00
2.224999999999999645e+00 0.000000000000000000e+00
2.274999999999999911e+00 2.834364309348967094e-05
2.324999999999999734e+00 1.021056585157869212e-03
2.374999999999999556e+00 1.025981886269331303e-02
2.424999999999999822e+00 5.414793303386203349e-02
2.474999999999999645e+00 1.497114486309766845e-01
2.524999999999999911e+00 3.273643687619027798e-01
2.574999999999999734e+00 6.525232579982206405e-01
2.624999999999999556e+00 1.228286172791229758e+00
2.674999999999999822e+00 2.058695759001019088e+00
2.724999999999999645e+00 2.816650712075342344e+00
2.774999999999999467e+00 3.083067925597401615e+00
2.824999999999999734e+00 2.820737953104496931e+00
2.874999999999999556e+00 2.236362793562950646e+00
2.924999999999999822e+00 1.668032293297279534e+00
2.974999999999999645e+00 1.216160873146280075e+00
3.024999999999999467e+00 9.088842498766652733e-01
3.074999999999999734e+00 7.242451562647033159e-01
3.124999999999999556e+00 6.120360234170473257e-01
3.174999999999999822e+00 5.432745018614449917e-01
3.224999999999999645e+00 5.099565561625318821e-01
3.274999999999999467e+00 5.108114590803071176e-01
3.324999999999999734e+00 5.210678917377249419e-01
3.374999999999999556e+00 5.639225333569996002e-01
3.424999999999999822e+00 6.197092759451480193e-01
3.474999999999999645e+00 7.127340862884112838e-01
3.524999999999999467e+00 8.105035570010974411e-01
3.574999999999999734e+00 9.277218684362035228e-01
3.624999999999999556e+00 1.057066371840701180e+00
3.674999999999999822e+00 1.179161798762747848e+00
3.724999999999999645e+00 1.314116994784787051e+00
3.774999999999999467e+00 1.449339741694352979e+00
3.824999999999999734e+00 1.559844215918944510e+00
3.874999999999999556e+00 1.644556062511852934e+00
3.924999999999999378e+00 1.699966541341885407e+00
3.974999999999999645e+00 1.728117284574223422e+00
4.024999999999999467e+00 1.733698347622648850e+00
4.075000000000000178e+00 1.718198726504365670e+00
4.125000000000000000e+00 1.663881215843823203e+00
4.174999999999999822e+00 1.585559578047516238e+00
4.224999999999999645e+00 1.506668844144475772e+00
4.275000000000000355e+00 1.411705303802284206e+00
4.325000000000000178e+00 1.315860228653477071e+00
4.375000000000000000e+00 1.212299333566332571e+00
4.424999999999999822e+00 1.129773450428586345e+00
4.474999999999999645e+00 1.043947134445113889e+00
4.525000000000000355e+00 9.706466079651746570e-01
4.575000000000000178e+00 9.044275618271796491e-01
4.625000000000000000e+00 8.426522106669952494e-01
4.674999999999999822e+00 7.875927565203658665e-01
4.724999999999999645e+00 7.517341243340428525e-01
4.775000000000000355e+00 7.109413191493220152e-01
4.825000000000000178e+00 6.776830860759408548e-01
4.875000000000000000e+00 6.467245279242088696e-01
4.924999999999999822e+00 6.303167414495206566e-01
4.974999999999999645e+00 6.118874033717361938e-01
5.025000000000000355e+00 6.066434732421255305e-01
5.075000000000000178e+00 5.978047242612077872e-01
5.125000000000000000e+00 5.956803371630362554e-01
5.174999999999999822e+00 6.039223601796764873e-01
5.224999999999999645e+00 6.102024693453754756e-01
5.275000000000000355e+00 6.205485537466405299e-01
5.325000000000000178e+00 6.260492781386303163e-01
5.375000000000000000e+00 6.347146389188543791e-01
5.424999999999999822e+00 6.481508906023228933e-01
5.474999999999999645e+00 6.648473370112489844e-01
5.524999999999999467e+00 6.866474119862818748e-01
5.575000000000000178e+00 7.188056428505713580e-01
5.625000000000000000e+00 7.554239754304672427e-01
5.674999999999999822e+00 7.975924753513184973e-01
5.724999999999999645e+00 8.479505316339918108e-01
5.774999999999999467e+00 8.998857947610913177e-01
5.825000000000000178e+00 9.639224311938356937e-01
5.875000000000000000e+00 1.019916430547383790e+00
5.924999999999999822e+00 1.070888532340134702e+00
5.974999999999999645e+00 1.124840397740969333e+00
6.024999999999999467e+00 1.172185503969979337e+00
6.075000000000000178e+00 1.218891262710824153e+00
6.125000000000000000e+00 1.254819506087180958e+00
6.174999999999999822e+00 1.283916704235862793e+00
6.224999999999999645e+00 1.305180802505373050e+00
6.274999999999999467e+00 1.316718276464192483e+00
6.325000000000000178e+00 1.320182074864331145e+00
6.375000000000000000e+00 1.323878290603751173e+00
6.424999999999999822e+00 1.303551581977687945e+00
6.474999999999999645e+00 1.276981173461308128e+00
6.524999999999999467e+00 1.243622034279339372e+00
6.575000000000000178e+00 1.207279157625582133e+00
6.625000000000000000e+00 1.175271815750515092e+00
6.674999999999999822e+00 1.134133944830439056e+00
6.724999999999999645e+00 1.104417219933820027e+00
6.774999999999999467e+00 1.076566384851029623e+00
6.825000000000000178e+00 1.053086688076333211e+00
6.875000000000000000e+00 1.030716824646005891e+00
6.924999999999999822e+00 1.012990415936468880e+00
6.974999999999999645e+00 9.976720433137526989e-01
7.024999999999999467e+00 9.894412782693470243e-01
7.075000000000000178e+00 9.778221224033205594e-01
7.125000000000000000e+00 9.676518133567465485e-01
7.174999999999999822e+00 9.689457867357288423e-01
7.224999999999999645e+00 9.636532232326641134e-01
7.274999999999999467e+00 9.658398820319922251e-01
7.325000000000000178e+00 9.673321243726098473e-01
7.375000000000000000e+00 9.672711373901093923e-01
7.424999999999999822e+00 9.688344010792503402e-01
7.474999999999999645e+00 9.738122063415055596e-01
7.524999999999999467e+00 9.774974531676502432e-01
7.574999999999999289e+00 9.807215534275859348e-01
7.625000000000000000e+00 9.832039005944382959e-01
7.674999999999999822e+00 9.829702517514289362e-01
7.724999999999999645e+00 9.835455542869029344e-01
7.774999999999999467e+00 9.787471230385709209e-01
7.824999999999999289e+00 9.746821406003429722e-01
7.875000000000000000e+00 9.746188403227471486e-01
7.924999999999999822e+00 9.727735264384047564e-01
7.974999999999999645e+00 9.686459021128759339e-01
8.024999999999998579e+00 9.608006337490544446e-01
8.074999999999999289e+00 9.494584783863810884e-01
8.125000000000000000e+00 9.429521657343205021e-01
8.174999999999998934e+00 9.402106144464441595e-01
8.224999999999999645e+00 9.316723677560356798e-01
8.275000000000000355e+00 9.252796977783249721e-01
8.324999999999999289e+00 9.201143777222438036e-01
8.375000000000000000e+00 9.173559203212298119e-01
8.424999999999998934e+00 9.167238813649633000e-01
8.474999999999999645e+00 9.151145522457820869e-01
8.525000000000000355e+00 9.116227049837046792e-01
8.574999999999999289e+00 9.193341634640668225e-01
8.625000000000000000e+00 9.257956259272931421e-01
8.674999999999998934e+00 9.310337941605361101e-01
8.724999999999999645e+00 9.383321608973393957e-01
8.775000000000000355e+00 9.509333293587187708e-01
8.824999999999999289e+00 9.639172910714622899e-01
8.875000000000000000e+00 9.763291081435945262e-01
8.924999999999998934e+00 9.849864843235076606e-01
8.974999999999999645e+00 9.950978252878314168e-01
9.025000000000000355e+00 1.003940716222097906e+00
9.074999999999999289e+00 1.014460462630330406e+00
9.125000000000000000e+00 1.024674349828014641e+00
9.174999999999998934e+00 1.030602307008666729e+00
9.224999999999999645e+00 1.040662315455675335e+00
9.275000000000000355e+00 1.044777155572097493e+00
9.324999999999999289e+00 1.054246992903156377e+00
9.375000000000000000e+00 1.060535335102899435e+00
9.424999999999998934e+00 1.063923244329252338e+00
9.474999999999999645e+00 1.064675292478291624e+00
9.525000000000000355e+00 1.070904458024172223e+00
9.574999999999999289e+00 1.073011447273106711e+00
9.625000000000000000e+00 1.069968196730559429e+00
9.674999999999998934e+00 1.067265765102182629e+00
9.724999999999999645e+00 1.068474025040219155e+00
9.775000000000000355e+00 1.068016359577912411e+00
9.824999999999999289e+00 1.065541917483609158e+00
9.875000000000000000e+00 1.059744015274325379e+00
9.924999999999998934e+00 1.059277611702712507e+00
9.974999999999999645e+00 1.053465230708028111e+00
