2.500000000000000000e+00
2.549999999999999822e+00
2.600000000000000089e+00
2.649999999999999911e+00
2.700000000000000178e+00
2.750000000000000000e+00
2.799999999999999822e+00
2.850000000000000089e+00
2.899999999999999911e+00
2.950000000000000178e+00
3.000000000000000000e+00
3.049999999999999822e+00
3.100000000000000089e+00
3.149999999999999911e+00
3.200000000000000178e+00
3.250000000000000000e+00
3.299999999999999822e+00
3.350000000000000089e+00
3.399999999999999911e+00
3.450000000000000178e+00
3.500000000000000000e+00
3.549999999999999822e+00
3.600000000000000089e+00
3.650000000000000355e+00
3.700000000000000178e+00
3.750000000000000000e+00
3.799999999999999822e+00
3.850000000000000089e+00
3.900000000000000355e+00
3.950000000000000178e+00
4.000000000000000000e+00
4.049999999999999822e+00
4.099999999999999645e+00
4.150000000000000355e+00
4.200000000000000178e+00
4.250000000000000000e+00
4.299999999999999822e+00
4.349999999999999645e+00
4.400000000000000355e+00
4.450000000000000178e+00
4.500000000000000000e+00
