5.000000000000000000e-01 0.000000000000000000e+00
1.500000000000000000e+00 0.000000000000000000e+00
2.500000000000000000e+00 1.326367363263673660e+00
3.500000000000000000e+00 5.153954604539546125e+01
4.500000000000000000e+00 1.470847915208479151e+02
5.500000000000000000e+00 4.951754824517548315e+01
6.500000000000000000e+00 6.483951604839516492e+00
7.500000000000000000e+00 4.779522047795220496e-02
8.500000000000000000e+00 0.000000000000000000e+00
9.500000000000000000e+00 0.000000000000000000e+00
