2.500000000000000139e-02 0.000000000000000000e+00
7.499999999999999722e-02 0.000000000000000000e+00
1.250000000000000000e-01 0.000000000000000000e+00
1.749999999999999889e-01 0.000000000000000000e+00
2.249999999999999778e-01 0.000000000000000000e+00
2.749999999999999667e-01 0.000000000000000000e+00
3.250000000000000111e-01 0.000000000000000000e+00
3.750000000000000000e-01 0.000000000000000000e+00
4.249999999999999889e-01 0.000000000000000000e+00
4.749999999999999778e-01 0.000000000000000000e+00
5.249999999999999112e-01 0.000000000000000000e+00
5.749999999999999556e-01 0.000000000000000000e+00
6.250000000000000000e-01 0.000000000000000000e+00
6.749999999999999334e-01 0.000000000000000000e+00
7.249999999999999778e-01 0.000000000000000000e+00
7.749999999999999112e-01 0.000000000000000000e+00
8.249999999999999556e-01 0.000000000000000000e+00
8.750000000000000000e-01 0.000000000000000000e+00
9.249999999999999334e-01 0.000000000000000000e+00
9.749999999999999778e-01 0.000000000000000000e+00
1.024999999999999911e+00 0.000000000000000000e+00
1.074999999999999734e+00 0.000000000000000000e+00
1.124999999999999778e+00 0.000000000000000000e+00
1.174999999999999822e+00 0.000000000000000000e+00
1.224999999999999867e+00 0.000000000000000000e+00
1.274999999999999911e+00 0.000000000000000000e+00
1.324999999999999734e+00 0.000000000000000000e+00
1.374999999999999778e+00 0.000000000000000000e+00
1.424999999999999822e+00 0.000000000000000000e+00
1.474999999999999867e+00 0.000000000000000000e+00
1.524999999999999689e+00 0.000000000000000000e+00
1.574999999999999734e+00 0.000000000000000000e+00
1.624999999999999778e+00 0.000000000000000000e+00
1.674999999999999822e+00 0.000000000000000000e+00
1.724999999999999867e+00 0.000000000000000000e+00
1.774999999999999689e+00 0.000000000000000000e+00
1.824999999999999734e+00 0.000000000000000000e+00
1.874999999999999778e+00 0.000000000000000000e+00
1.924999999999999822e+00 0.000000000000000000e+00
1.974999999999999645e+00 0.000000000000000000e+00
2.024999999999999911e+00 0.000000000000000000e+00
2.074999999999999734e+00 0.000000000000000000e+00
2.124999999999999556e+00 0.000000000000000000e+00
2.174999999999999822e+00 0.000000000000000000e+00
2.224999999999999645e+00 0.000000000000000000e+00
2.274999999999999911e+00 0.000000000000000000e+00
2.324999999999999734e+00 7.206881784790283157e-03
2.374999999999999556e+00 6.479824611069875950e-02
2.424999999999999822e+00 2.792082434038629657e-01
2.474999999999999645e+00 7.572474180470634142e-01
2.524999999999999911e+00 1.393388247977248584e+00
2.574999999999999734e+00 1.915268210600696852e+00
2.624999999999999556e+00 2.097422426890446889e+00
2.674999999999999822e+00 1.889144792040955867e+00
2.724999999999999645e+00 1.555717340973975960e+00
2.774999999999999467e+00 1.232769266964138799e+00
2.824999999999999734e+00 9.270095408513107094e-01
2.874999999999999556e+00 7.170013734909898018e-01
2.924999999999999822e+00 5.220181632801514926e-01
2.974999999999999645e+00 4.417581750549676722e-01
3.024999999999999467e+00 3.608785572307124934e-01
3.074999999999999734e+00 3.294247114304808544e-01
3.124999999999999556e+00 3.192814445652107369e-01
3.174999999999999822e+00 3.204645324618130009e-01
3.224999999999999645e+00 3.413286638284785957e-01
3.274999999999999467e+00 3.867763226460707027e-01
3.324999999999999734e+00 4.307819083598881660e-01
3.374999999999999556e+00 4.908597911848889828e-01
3.424999999999999822e+00 5.974984189786092248e-01
3.474999999999999645e+00 7.070842327880840772e-01
3.524999999999999467e+00 8.542566198416211565e-01
3.574999999999999734e+00 9.949631786441546222e-01
3.624999999999999556e+00 1.159048196644757667e+00
3.674999999999999822e+00 1.327865297037722492e+00
3.724999999999999645e+00 1.453947854839635401e+00
3.774999999999999467e+00 1.546174418510959825e+00
3.824999999999999734e+00 1.618692299013612335e+00
3.874999999999999556e+00 1.659894323963772234e+00
3.924999999999999378e+00 1.654016769689553357e+00
3.974999999999999645e+00 1.634249826649966986e+00
4.024999999999999467e+00 1.573554119081656433e+00
4.075000000000000178e+00 1.530827136483058792e+00
4.125000000000000000e+00 1.475650585445023699e+00
4.174999999999999822e+00 1.433661826368011871e+00
4.224999999999999645e+00 1.377222513741745091e+00
4.275000000000000355e+00 1.291231554438058371e+00
4.325000000000000178e+00 1.250901727785827866e+00
4.375000000000000000e+00 1.209986560994457339e+00
4.424999999999999822e+00 1.158563396692923186e+00
4.474999999999999645e+00 1.100838959933567063e+00
4.525000000000000355e+00 1.080215901336843975e+00
4.575000000000000178e+00 1.053073962069403402e+00
4.625000000000000000e+00 9.932448492746623891e-01
4.674999999999999822e+00 9.626191840355898810e-01
4.724999999999999645e+00 9.396288928053841971e-01
4.775000000000000355e+00 9.078821005625636875e-01
4.825000000000000178e+00 8.649832071886519591e-01
4.875000000000000000e+00 8.550302664712902123e-01
4.924999999999999822e+00 8.436588742366505356e-01
4.974999999999999645e+00 8.305533880331411600e-01
5.025000000000000355e+00 8.120617025904880437e-01
5.075000000000000178e+00 7.916525188988017270e-01
5.125000000000000000e+00 7.999466958145399209e-01
5.174999999999999822e+00 8.038184833041734922e-01
5.224999999999999645e+00 7.961243120443267651e-01
5.275000000000000355e+00 7.997454502024606837e-01
5.325000000000000178e+00 8.154408603511604792e-01
5.375000000000000000e+00 8.270832042690214880e-01
5.424999999999999822e+00 8.596224564997515527e-01
5.474999999999999645e+00 8.698703065829032077e-01
5.524999999999999467e+00 8.804684790610080025e-01
5.575000000000000178e+00 8.955762226461954079e-01
5.625000000000000000e+00 9.157791596629089037e-01
5.674999999999999822e+00 9.312604615386795848e-01
5.724999999999999645e+00 9.507514405034199756e-01
5.774999999999999467e+00 9.557015238880124386e-01
5.825000000000000178e+00 9.714242900784837431e-01
5.875000000000000000e+00 9.733874062380428738e-01
5.924999999999999822e+00 1.006082419825563790e+00
5.974999999999999645e+00 1.005610232637203838e+00
6.024999999999999467e+00 1.028216175734785409e+00
6.075000000000000178e+00 1.061948151953111541e+00
6.125000000000000000e+00 1.091470738239289195e+00
6.174999999999999822e+00 1.122381443875976936e+00
6.224999999999999645e+00 1.123695338104103048e+00
6.274999999999999467e+00 1.138888092451220579e+00
6.325000000000000178e+00 1.131413772781880711e+00
6.375000000000000000e+00 1.131508002903905963e+00
6.424999999999999822e+00 1.127294882658270714e+00
6.474999999999999645e+00 1.099208533090397566e+00
6.524999999999999467e+00 1.080350186949491365e+00
6.575000000000000178e+00 1.040570867456975801e+00
6.625000000000000000e+00 1.006163388233492162e+00
6.674999999999999822e+00 9.703868968438499332e-01
6.724999999999999645e+00 9.551883389258657431e-01
6.774999999999999467e+00 9.658322997896390261e-01
6.825000000000000178e+00 9.581231171323757456e-01
6.875000000000000000e+00 9.541193443360360682e-01
6.924999999999999822e+00 9.603725756502758948e-01
6.974999999999999645e+00 9.671948688045046705e-01
7.024999999999999467e+00 9.550815014568528882e-01
7.075000000000000178e+00 9.441134849173555832e-01
7.125000000000000000e+00 9.399287704460614901e-01
7.174999999999999822e+00 9.600447938836519368e-01
7.224999999999999645e+00 9.448155821839382407e-01
7.274999999999999467e+00 9.339656423845040800e-01
7.325000000000000178e+00 9.424705716222145924e-01
7.375000000000000000e+00 9.465552443942586436e-01
7.424999999999999822e+00 9.489520502340942354e-01
7.474999999999999645e+00 9.560261230259916587e-01
7.524999999999999467e+00 9.490069488170932432e-01
7.574999999999999289e+00 9.553174283790960564e-01
7.625000000000000000e+00 9.602594928133261210e-01
7.674999999999999822e+00 9.651407301831206320e-01
7.724999999999999645e+00 9.599421483298798963e-01
7.774999999999999467e+00 9.506187912859103140e-01
7.824999999999999289e+00 9.667980536722974305e-01
7.875000000000000000e+00 9.594236310188675176e-01
7.924999999999999822e+00 9.602078730277274765e-01
7.974999999999999645e+00 9.515091156884918355e-01
8.024999999999998579e+00 9.420343055643932706e-01
8.074999999999999289e+00 9.398432473523448127e-01
8.125000000000000000e+00 9.389475241959487350e-01
8.174999999999998934e+00 9.487584788183059947e-01
8.224999999999999645e+00 9.605592738233064143e-01
8.275000000000000355e+00 9.585434625067712489e-01
8.324999999999999289e+00 9.693599356104725118e-01
8.375000000000000000e+00 9.774914762709314697e-01
8.424999999999998934e+00 1.006348816154562398e+00
8.474999999999999645e+00 1.011952066439964160e+00
8.525000000000000355e+00 1.017848918110541456e+00
8.574999999999999289e+00 1.025546052621243875e+00
8.625000000000000000e+00 1.043447465136509544e+00
8.674999999999998934e+00 1.062282686715517510e+00
8.724999999999999645e+00 1.054639154567532433e+00
8.775000000000000355e+00 1.068003821920447072e+00
8.824999999999999289e+00 1.075563552622323726e+00
8.875000000000000000e+00 1.077511471485737005e+00
8.924999999999998934e+00 1.076204957131748463e+00
8.974999999999999645e+00 1.078610314408786186e+00
9.025000000000000355e+00 1.084513376066961410e+00
9.074999999999999289e+00 1.075524483363149875e+00
9.125000000000000000e+00 1.076892167331799488e+00
9.174999999999998934e+00 1.069872171096900582e+00
9.224999999999999645e+00 1.071690332786313871e+00
9.275000000000000355e+00 1.085787571148359554e+00
9.324999999999999289e+00 1.085587272276288484e+00
9.375000000000000000e+00 1.073435935626674720e+00
9.424999999999998934e+00 1.075934008547375420e+00
9.474999999999999645e+00 1.070128085153865261e+00
9.525000000000000355e+00 1.057253240066158284e+00
9.574999999999999289e+00 1.054495654480485545e+00
9.625000000000000000e+00 1.044503920656114415e+00
9.674999999999998934e+00 1.041213592778923225e+00
9.724999999999999645e+00 1.029280250762014459e+00
9.775000000000000355e+00 1.031751629637975842e+00
9.824999999999999289e+00 1.028251539986914764e+00
9.875000000000000000e+00 1.010476435486683977e+00
9.924999999999998934e+00 1.002494015495457136e+00
9.974999999999999645e+00 9.961734530351732397e-01
