2.500000000000000139e-02 0.000000000000000000e+00
7.499999999999999722e-02 0.000000000000000000e+00
1.250000000000000000e-01 0.000000000000000000e+00
1.749999999999999889e-01 0.000000000000000000e+00
2.249999999999999778e-01 0.000000000000000000e+00
2.749999999999999667e-01 0.000000000000000000e+00
3.250000000000000111e-01 0.000000000000000000e+00
3.750000000000000000e-01 0.000000000000000000e+00
4.249999999999999889e-01 0.000000000000000000e+00
4.749999999999999778e-01 0.000000000000000000e+00
5.249999999999999112e-01 0.000000000000000000e+00
5.749999999999999556e-01 0.000000000000000000e+00
6.250000000000000000e-01 0.000000000000000000e+00
6.749999999999999334e-01 0.000000000000000000e+00
7.249999999999999778e-01 0.000000000000000000e+00
7.749999999999999112e-01 0.000000000000000000e+00
8.249999999999999556e-01 0.000000000000000000e+00
8.750000000000000000e-01 0.000000000000000000e+00
9.249999999999999334e-01 0.000000000000000000e+00
9.749999999999999778e-01 0.000000000000000000e+00
1.024999999999999911e+00 0.000000000000000000e+00
1.074999999999999734e+00 0.000000000000000000e+00
1.124999999999999778e+00 0.000000000000000000e+00
1.174999999999999822e+00 0.000000000000000000e+00
1.224999999999999867e+00 0.000000000000000000e+00
1.274999999999999911e+00 0.000000000000000000e+00
1.324999999999999734e+00 0.000000000000000000e+00
1.374999999999999778e+00 0.000000000000000000e+00
1.424999999999999822e+00 0.000000000000000000e+00
1.474999999999999867e+00 0.000000000000000000e+00
1.524999999999999689e+00 0.000000000000000000e+00
1.574999999999999734e+00 0.000000000000000000e+00
1.624999999999999778e+00 0.000000000000000000e+00
1.674999999999999822e+00 0.000000000000000000e+00
1.724999999999999867e+00 0.000000000000000000e+00
1.774999999999999689e+00 0.000000000000000000e+00
1.824999999999999734e+00 0.000000000000000000e+00
1.874999999999999778e+00 0.000000000000000000e+00
1.924999999999999822e+00 0.000000000000000000e+00
1.974999999999999645e+00 0.000000000000000000e+00
2.024999999999999911e+00 0.000000000000000000e+00
2.074999999999999734e+00 0.000000000000000000e+00
2.124999999999999556e+00 0.000000000000000000e+00
2.174999999999999822e+00 0.000000000000000000e+00
2.224999999999999645e+00 0.000000000000000000e+00
2.274999999999999911e+00 0.000000000000000000e+00
2.324999999999999734e+00 0.000000000000000000e+00
2.374999999999999556e+00 0.000000000000000000e+00
2.424999999999999822e+00 0.000000000000000000e+00
2.474999999999999645e+00 0.000000000000000000e+00
2.524999999999999911e+00 0.000000000000000000e+00
2.574999999999999734e+00 0.000000000000000000e+00
2.624999999999999556e+00 3.176276504362076747e-04
2.674999999999999822e+00 4.710321513734490664e-03
2.724999999999999645e+00 2.240053766701062543e-02
2.774999999999999467e+00 7.185043359813084174e-02
2.824999999999999734e+00 1.455702811324439960e-01
2.874999999999999556e+00 2.026181590203504357e-01
2.924999999999999822e+00 2.593974407360803980e-01
2.974999999999999645e+00 2.687048998067259609e-01
3.024999999999999467e+00 2.842444839693644143e-01
3.074999999999999734e+00 2.891956397282464120e-01
3.124999999999999556e+00 2.492215122536193816e-01
3.174999999999999822e+00 2.197222946147309175e-01
3.224999999999999645e+00 1.833326337406712969e-01
3.274999999999999467e+00 1.763899194340310395e-01
3.324999999999999734e+00 1.822112446941359654e-01
3.374999999999999556e+00 2.265033750288757419e-01
3.424999999999999822e+00 2.792704326527615244e-01
3.474999999999999645e+00 3.915316722210582245e-01
3.524999999999999467e+00 5.375521366721547345e-01
3.574999999999999734e+00 6.963029749341017594e-01
3.624999999999999556e+00 9.063787544549986031e-01
3.674999999999999822e+00 1.161075899723735150e+00
3.724999999999999645e+00 1.461392996606297956e+00
3.774999999999999467e+00 1.760333828195042249e+00
3.824999999999999734e+00 2.077324775660973621e+00
3.874999999999999556e+00 2.342200417368532683e+00
3.924999999999999378e+00 2.559718175503840065e+00
3.974999999999999645e+00 2.739854879742827709e+00
4.024999999999999467e+00 2.874153867042504640e+00
4.075000000000000178e+00 2.931273521191712916e+00
4.125000000000000000e+00 2.840938014537129241e+00
4.174999999999999822e+00 2.725986615901687227e+00
4.224999999999999645e+00 2.597796449836986099e+00
4.275000000000000355e+00 2.418056175160745003e+00
4.325000000000000178e+00 2.204090061234631026e+00
4.375000000000000000e+00 1.966193857165952741e+00
4.424999999999999822e+00 1.709520384024992401e+00
4.474999999999999645e+00 1.549078742948150511e+00
4.525000000000000355e+00 1.328805802000730285e+00
4.575000000000000178e+00 1.198383236362042359e+00
4.625000000000000000e+00 1.013340581143534092e+00
4.674999999999999822e+00 8.918778299926081177e-01
4.724999999999999645e+00 7.933994772315986488e-01
4.775000000000000355e+00 7.307367149149377461e-01
4.825000000000000178e+00 6.417380792850130300e-01
4.875000000000000000e+00 5.773448159785933287e-01
4.924999999999999822e+00 5.343702247400342609e-01
4.974999999999999645e+00 4.872676560060704709e-01
5.025000000000000355e+00 4.639238140815917788e-01
5.075000000000000178e+00 4.716025267696834500e-01
5.125000000000000000e+00 4.794947058330515377e-01
5.174999999999999822e+00 4.538794892813809989e-01
5.224999999999999645e+00 4.593925252634735168e-01
5.275000000000000355e+00 4.739605193795799476e-01
5.325000000000000178e+00 4.779457240633049886e-01
5.375000000000000000e+00 4.850346700690633117e-01
5.424999999999999822e+00 4.965121004044362740e-01
5.474999999999999645e+00 4.883318456885922254e-01
5.524999999999999467e+00 4.943753288429396098e-01
5.575000000000000178e+00 5.188421159033388408e-01
5.625000000000000000e+00 5.553970807726804626e-01
5.674999999999999822e+00 6.264855461321153784e-01
5.724999999999999645e+00 6.864557087529257196e-01
5.774999999999999467e+00 7.392632761999093916e-01
5.825000000000000178e+00 8.356921995061472597e-01
5.875000000000000000e+00 9.294428665888562202e-01
5.924999999999999822e+00 1.007167245636119146e+00
5.974999999999999645e+00 1.091047988398630375e+00
6.024999999999999467e+00 1.148104587654459330e+00
6.075000000000000178e+00 1.197544265891455462e+00
6.125000000000000000e+00 1.241104279826813483e+00
6.174999999999999822e+00 1.260738996056595562e+00
6.224999999999999645e+00 1.273824125962276455e+00
6.274999999999999467e+00 1.266867786143425212e+00
6.325000000000000178e+00 1.293027117178827456e+00
6.375000000000000000e+00 1.273674894512053291e+00
6.424999999999999822e+00 1.220621088233338369e+00
6.474999999999999645e+00 1.197259116153035485e+00
6.524999999999999467e+00 1.152927363397957761e+00
6.575000000000000178e+00 1.121060312554197136e+00
6.625000000000000000e+00 1.071459685988984223e+00
6.674999999999999822e+00 1.036329702440798028e+00
6.724999999999999645e+00 9.807701112115044806e-01
6.774999999999999467e+00 9.379182919744362135e-01
6.825000000000000178e+00 9.230140203190104753e-01
6.875000000000000000e+00 9.284654977419971589e-01
6.924999999999999822e+00 9.086803581453806178e-01
6.974999999999999645e+00 9.206769471370737090e-01
7.024999999999999467e+00 9.056665114906029546e-01
7.075000000000000178e+00 9.053289157234190032e-01
7.125000000000000000e+00 9.066619918911278386e-01
7.174999999999999822e+00 9.123001964516567197e-01
7.224999999999999645e+00 9.367065489274805090e-01
7.274999999999999467e+00 9.443704242526955728e-01
7.325000000000000178e+00 9.588199338694982643e-01
7.375000000000000000e+00 9.734198619995027002e-01
7.424999999999999822e+00 9.799978065171707220e-01
7.474999999999999645e+00 9.864464179954283152e-01
7.524999999999999467e+00 1.005122370865144221e+00
7.574999999999999289e+00 9.998769375797578185e-01
7.625000000000000000e+00 1.031197974880172064e+00
7.674999999999999822e+00 1.034786383908800289e+00
7.724999999999999645e+00 1.049206168526466421e+00
7.774999999999999467e+00 1.095206231626576487e+00
7.824999999999999289e+00 1.117979549753216784e+00
7.875000000000000000e+00 1.122194530213963315e+00
7.924999999999999822e+00 1.136683105449591391e+00
7.974999999999999645e+00 1.136467230265271855e+00
8.024999999999998579e+00 1.141409090911412960e+00
8.074999999999999289e+00 1.130546879743793864e+00
8.125000000000000000e+00 1.134107928230708939e+00
8.174999999999998934e+00 1.094116703729492546e+00
8.224999999999999645e+00 1.063746487881062075e+00
8.275000000000000355e+00 1.018538730044157070e+00
8.324999999999999289e+00 9.785309393407929379e-01
8.375000000000000000e+00 9.532891602762781913e-01
8.424999999999998934e+00 9.171051314206012384e-01
8.474999999999999645e+00 8.914085932305471083e-01
8.525000000000000355e+00 8.817960184065387619e-01
8.574999999999999289e+00 8.844432793886741750e-01
8.625000000000000000e+00 8.651037134187172795e-01
8.674999999999998934e+00 8.752685831667871286e-01
8.724999999999999645e+00 8.799288030911670555e-01
8.775000000000000355e+00 8.753758769918645877e-01
8.824999999999999289e+00 8.875796532428618102e-01
8.875000000000000000e+00 8.919954106156978701e-01
8.924999999999998934e+00 9.078741392948739275e-01
8.974999999999999645e+00 9.072643119938708089e-01
9.025000000000000355e+00 9.307698534368242793e-01
9.074999999999999289e+00 9.431422628960193233e-01
9.125000000000000000e+00 9.557824102564820290e-01
9.174999999999998934e+00 9.773218296457325538e-01
9.224999999999999645e+00 9.920793448550764282e-01
9.275000000000000355e+00 1.013286393372928806e+00
9.324999999999999289e+00 1.019892345367003905e+00
9.375000000000000000e+00 1.023854656620131198e+00
9.424999999999998934e+00 1.051353959107361291e+00
9.474999999999999645e+00 1.059586248364770444e+00
9.525000000000000355e+00 1.073416683386930304e+00
9.574999999999999289e+00 1.086719763603240407e+00
9.625000000000000000e+00 1.096632014411301537e+00
9.674999999999998934e+00 1.112426710186685597e+00
9.724999999999999645e+00 1.112371006011739771e+00
9.775000000000000355e+00 1.118429193490295903e+00
9.824999999999999289e+00 1.119935250325017062e+00
9.875000000000000000e+00 1.128073496300820100e+00
9.924999999999998934e+00 1.128303477146103795e+00
9.974999999999999645e+00 1.106105628611470326e+00
