2.500000000000000139e-02 0.000000000000000000e+00
7.499999999999999722e-02 0.000000000000000000e+00
1.250000000000000000e-01 0.000000000000000000e+00
1.749999999999999889e-01 0.000000000000000000e+00
2.249999999999999778e-01 0.000000000000000000e+00
2.749999999999999667e-01 0.000000000000000000e+00
3.250000000000000111e-01 0.000000000000000000e+00
3.750000000000000000e-01 0.000000000000000000e+00
4.249999999999999889e-01 0.000000000000000000e+00
4.749999999999999778e-01 0.000000000000000000e+00
5.249999999999999112e-01 0.000000000000000000e+00
5.749999999999999556e-01 0.000000000000000000e+00
6.250000000000000000e-01 0.000000000000000000e+00
6.749999999999999334e-01 0.000000000000000000e+00
7.249999999999999778e-01 0.000000000000000000e+00
7.749999999999999112e-01 0.000000000000000000e+00
8.249999999999999556e-01 0.000000000000000000e+00
8.750000000000000000e-01 0.000000000000000000e+00
9.249999999999999334e-01 0.000000000000000000e+00
9.749999999999999778e-01 0.000000000000000000e+00
1.024999999999999911e+00 0.000000000000000000e+00
1.074999999999999734e+00 0.000000000000000000e+00
1.124999999999999778e+00 0.000000000000000000e+00
1.174999999999999822e+00 0.000000000000000000e+00
1.224999999999999867e+00 0.000000000000000000e+00
1.274999999999999911e+00 0.000000000000000000e+00
1.324999999999999734e+00 0.000000000000000000e+00
1.374999999999999778e+00 0.000000000000000000e+00
1.424999999999999822e+00 0.000000000000000000e+00
1.474999999999999867e+00 0.000000000000000000e+00
1.524999999999999689e+00 0.000000000000000000e+00
1.574999999999999734e+00 0.000000000000000000e+00
1.624999999999999778e+00 0.000000000000000000e+00
1.674999999999999822e+00 0.000000000000000000e+00
1.724999999999999867e+00 0.000000000000000000e+00
1.774999999999999689e+00 0.000000000000000000e+00
1.824999999999999734e+00 0.000000000000000000e+00
1.874999999999999778e+00 0.000000000000000000e+00
1.924999999999999822e+00 0.000000000000000000e+00
1.974999999999999645e+00 0.000000000000000000e+00
2.024999999999999911e+00 0.000000000000000000e+00
2.074999999999999734e+00 0.000000000000000000e+00
2.124999999999999556e+00 0.000000000000000000e+00
2.174999999999999822e+00 0.000000000000000000e+00
2.224999999999999645e+00 0.000000000000000000e+00
2.274999999999999911e+00 0.000000000000000000e+00
2.324999999999999734e+00 1.801720446197570789e-03
2.374999999999999556e+00 1.619956152767468988e-02
2.424999999999999822e+00 6.982066977148053410e-02
2.474999999999999645e+00 1.932242161365724520e-01
2.524999999999999911e+00 4.020881140319680358e-01
2.574999999999999734e+00 7.633808063312227388e-01
2.624999999999999556e+00 1.439456749011840175e+00
2.674999999999999822e+00 2.322356732039449145e+00
2.724999999999999645e+00 2.983162129412446628e+00
2.774999999999999467e+00 3.073055550605526598e+00
2.824999999999999734e+00 2.643877722790677787e+00
2.874999999999999556e+00 2.026208069314798799e+00
2.924999999999999822e+00 1.490294576552451344e+00
2.974999999999999645e+00 1.087814668695720188e+00
3.024999999999999467e+00 8.433455387510322421e-01
3.074999999999999734e+00 7.017403721499158031e-01
3.124999999999999556e+00 6.240847329329548554e-01
3.174999999999999822e+00 5.685965723832044905e-01
3.224999999999999645e+00 5.396233616864238858e-01
3.274999999999999467e+00 5.205073889360894990e-01
3.324999999999999734e+00 5.335083478120505873e-01
3.374999999999999556e+00 5.586686146050354740e-01
3.424999999999999822e+00 6.175089440334027291e-01
3.474999999999999645e+00 7.052445667974165389e-01
3.524999999999999467e+00 8.112954277142232495e-01
3.574999999999999734e+00 9.241512553447829292e-01
3.624999999999999556e+00 1.052125883913232363e+00
3.674999999999999822e+00 1.198656993036144813e+00
3.724999999999999645e+00 1.331221317730369336e+00
3.774999999999999467e+00 1.425563844482779174e+00
3.824999999999999734e+00 1.526765344580921058e+00
3.874999999999999556e+00 1.593427419756911823e+00
3.924999999999999378e+00 1.619159696761468537e+00
3.974999999999999645e+00 1.632608373823580594e+00
4.024999999999999467e+00 1.641833241614053973e+00
4.075000000000000178e+00 1.635169961131523797e+00
4.125000000000000000e+00 1.574681580871743813e+00
4.174999999999999822e+00 1.513685008292761314e+00
4.224999999999999645e+00 1.445511043265999662e+00
4.275000000000000355e+00 1.358255403836241992e+00
4.325000000000000178e+00 1.284915752205643802e+00
4.375000000000000000e+00 1.196047519470927245e+00
4.424999999999999822e+00 1.116344598941784838e+00
4.474999999999999645e+00 1.063678732140473038e+00
4.525000000000000355e+00 1.002830857225389671e+00
4.575000000000000178e+00 9.577644211554371401e-01
4.625000000000000000e+00 8.911546432045527322e-01
4.674999999999999822e+00 8.539034224995448730e-01
4.724999999999999645e+00 8.166828549459812514e-01
4.775000000000000355e+00 7.815217838847363652e-01
4.825000000000000178e+00 7.336600551158011241e-01
4.875000000000000000e+00 7.121261428544634065e-01
4.924999999999999822e+00 6.882656010139625025e-01
4.974999999999999645e+00 6.573143583248467481e-01
5.025000000000000355e+00 6.459802362829845102e-01
5.075000000000000178e+00 6.443277170150131239e-01
5.125000000000000000e+00 6.431872087245860126e-01
5.174999999999999822e+00 6.424075082014122362e-01
5.224999999999999645e+00 6.407299921744936677e-01
5.275000000000000355e+00 6.515659287551024414e-01
5.325000000000000178e+00 6.600892031263430049e-01
5.375000000000000000e+00 6.722219614816807853e-01
5.424999999999999822e+00 6.919852940878762348e-01
5.474999999999999645e+00 7.055803739585622125e-01
5.524999999999999467e+00 7.320339894641033629e-01
5.575000000000000178e+00 7.551442147829779961e-01
5.625000000000000000e+00 7.915705411256698243e-01
5.674999999999999822e+00 8.288578297466383527e-01
5.724999999999999645e+00 8.707842519716014751e-01
5.774999999999999467e+00 9.088700097733246608e-01
5.825000000000000178e+00 9.532982956621726123e-01
5.875000000000000000e+00 1.004110536771996465e+00
5.924999999999999822e+00 1.067384430068694989e+00
5.974999999999999645e+00 1.111674805940189525e+00
6.024999999999999467e+00 1.148164881565109541e+00
6.075000000000000178e+00 1.189822688724353039e+00
6.125000000000000000e+00 1.227720805700108109e+00
6.174999999999999822e+00 1.260104723341853861e+00
6.224999999999999645e+00 1.271847260809890967e+00
6.274999999999999467e+00 1.281881387284093954e+00
6.325000000000000178e+00 1.287761279535559078e+00
6.375000000000000000e+00 1.284497091977262029e+00
6.424999999999999822e+00 1.259633372100039450e+00
6.474999999999999645e+00 1.230082726045825803e+00
6.524999999999999467e+00 1.205501862869450491e+00
6.575000000000000178e+00 1.184535996156308446e+00
6.625000000000000000e+00 1.148325207113403801e+00
6.674999999999999822e+00 1.104045850768706094e+00
6.724999999999999645e+00 1.065994290165375613e+00
6.774999999999999467e+00 1.044038251647695592e+00
6.825000000000000178e+00 1.026236268551896647e+00
6.875000000000000000e+00 1.011856706476454315e+00
6.924999999999999822e+00 1.005214182306254589e+00
6.974999999999999645e+00 9.984707480532472035e-01
7.024999999999999467e+00 9.856920077166846372e-01
7.075000000000000178e+00 9.748940908746100975e-01
7.125000000000000000e+00 9.717081152786763987e-01
7.174999999999999822e+00 9.630931355006208117e-01
7.224999999999999645e+00 9.621154121819394112e-01
7.274999999999999467e+00 9.499801566072890724e-01
7.325000000000000178e+00 9.514794455052300037e-01
7.375000000000000000e+00 9.586958302712805802e-01
7.424999999999999822e+00 9.585794107183212009e-01
7.474999999999999645e+00 9.587093450262689220e-01
7.524999999999999467e+00 9.587763198893015648e-01
7.574999999999999289e+00 9.658965928002591905e-01
7.625000000000000000e+00 9.715210333091274242e-01
7.674999999999999822e+00 9.716059157082397313e-01
7.724999999999999645e+00 9.767126197059332604e-01
7.774999999999999467e+00 9.868543575434665094e-01
7.824999999999999289e+00 1.003708729619986251e+00
7.875000000000000000e+00 1.002728031129961783e+00
7.924999999999999822e+00 1.002624308482366056e+00
7.974999999999999645e+00 9.976058288347074976e-01
8.024999999999998579e+00 9.980855234720709124e-01
8.074999999999999289e+00 9.914279522242349652e-01
8.125000000000000000e+00 9.890422531433974429e-01
8.174999999999998934e+00 9.772527388183057662e-01
8.224999999999999645e+00 9.708524362213942771e-01
8.275000000000000355e+00 9.605187994986755795e-01
8.324999999999999289e+00 9.535238480741013989e-01
8.375000000000000000e+00 9.437951496504703996e-01
8.424999999999998934e+00 9.377833205514767290e-01
8.474999999999999645e+00 9.319264730912218964e-01
8.525000000000000355e+00 9.337886087308198135e-01
8.574999999999999289e+00 9.391293849879626121e-01
8.625000000000000000e+00 9.405267382848526703e-01
8.674999999999998934e+00 9.509051463209311494e-01
8.724999999999999645e+00 9.470387275388107984e-01
8.775000000000000355e+00 9.577504172472990351e-01
8.824999999999999289e+00 9.674046596410428300e-01
8.875000000000000000e+00 9.738370538075554750e-01
8.924999999999998934e+00 9.793821763944656755e-01
8.974999999999999645e+00 9.822016954477379436e-01
9.025000000000000355e+00 9.909570002867191807e-01
9.074999999999999289e+00 9.897691774343940763e-01
9.125000000000000000e+00 9.918269808146115141e-01
9.174999999999998934e+00 9.995689078744064426e-01
9.224999999999999645e+00 1.005749061235958530e+00
9.275000000000000355e+00 1.019523642015423448e+00
9.324999999999999289e+00 1.018749606025376231e+00
9.375000000000000000e+00 1.022117693179300346e+00
9.424999999999998934e+00 1.035668654903769248e+00
9.474999999999999645e+00 1.036677744805865942e+00
9.525000000000000355e+00 1.040981236305162483e+00
9.574999999999999289e+00 1.045804598823244946e+00
9.625000000000000000e+00 1.052759976839373390e+00
9.674999999999998934e+00 1.059009857442388070e+00
9.724999999999999645e+00 1.057175037370818638e+00
9.775000000000000355e+00 1.065330023097515344e+00
9.824999999999999289e+00 1.062199862101794290e+00
9.875000000000000000e+00 1.058418436841615629e+00
9.924999999999998934e+00 1.060192791592100559e+00
9.974999999999999645e+00 1.053957355712717758e+00
