4.500000000000000111e-01 0.000000000000000000e+00
1.350000000000000089e+00 0.000000000000000000e+00
2.250000000000000444e+00 0.000000000000000000e+00
3.150000000000000355e+00 0.000000000000000000e+00
4.050000000000000711e+00 0.000000000000000000e+00
4.950000000000001066e+00 0.000000000000000000e+00
5.850000000000000533e+00 0.000000000000000000e+00
6.750000000000000888e+00 0.000000000000000000e+00
7.650000000000001243e+00 0.000000000000000000e+00
8.550000000000000711e+00 0.000000000000000000e+00
9.450000000000001066e+00 0.000000000000000000e+00
1.035000000000000142e+01 0.000000000000000000e+00
1.125000000000000000e+01 0.000000000000000000e+00
1.215000000000000036e+01 0.000000000000000000e+00
1.305000000000000071e+01 0.000000000000000000e+00
1.395000000000000107e+01 0.000000000000000000e+00
1.485000000000000142e+01 0.000000000000000000e+00
1.575000000000000178e+01 0.000000000000000000e+00
1.665000000000000213e+01 0.000000000000000000e+00
1.755000000000000071e+01 0.000000000000000000e+00
1.845000000000000284e+01 0.000000000000000000e+00
1.935000000000000142e+01 0.000000000000000000e+00
2.025000000000000355e+01 0.000000000000000000e+00
2.115000000000000213e+01 0.000000000000000000e+00
2.205000000000000071e+01 0.000000000000000000e+00
2.295000000000000284e+01 0.000000000000000000e+00
2.385000000000000142e+01 0.000000000000000000e+00
2.475000000000000355e+01 0.000000000000000000e+00
2.565000000000000213e+01 0.000000000000000000e+00
2.655000000000000426e+01 0.000000000000000000e+00
2.745000000000000284e+01 0.000000000000000000e+00
2.835000000000000497e+01 0.000000000000000000e+00
2.925000000000000355e+01 0.000000000000000000e+00
3.015000000000000213e+01 0.000000000000000000e+00
3.105000000000000426e+01 0.000000000000000000e+00
3.195000000000000284e+01 0.000000000000000000e+00
3.285000000000000853e+01 0.000000000000000000e+00
3.375000000000000711e+01 0.000000000000000000e+00
3.465000000000000568e+01 0.000000000000000000e+00
3.555000000000001137e+01 0.000000000000000000e+00
3.645000000000000995e+01 0.000000000000000000e+00
3.735000000000000853e+01 0.000000000000000000e+00
3.825000000000000711e+01 0.000000000000000000e+00
3.915000000000000568e+01 0.000000000000000000e+00
4.005000000000001137e+01 0.000000000000000000e+00
4.095000000000000995e+01 0.000000000000000000e+00
4.185000000000000853e+01 0.000000000000000000e+00
4.275000000000000711e+01 0.000000000000000000e+00
4.365000000000000568e+01 0.000000000000000000e+00
4.455000000000001137e+01 0.000000000000000000e+00
4.545000000000000995e+01 0.000000000000000000e+00
4.635000000000000853e+01 3.569764381271779349e-04
4.725000000000000711e+01 1.332712035674797754e-03
4.815000000000001279e+01 2.951005221851337682e-03
4.905000000000001137e+01 6.592164890748553226e-03
4.995000000000000995e+01 1.218479575474100754e-02
5.085000000000000853e+01 2.196595015942568591e-02
5.175000000000000711e+01 3.614981396767889127e-02
5.265000000000001279e+01 5.664026151617890248e-02
5.355000000000001137e+01 7.227582950614928892e-02
5.445000000000000995e+01 8.938690010704535005e-02
5.535000000000000853e+01 1.027378188930018199e-01
5.625000000000001421e+01 1.097821539387114770e-01
5.715000000000001279e+01 1.034755701984646503e-01
5.805000000000001137e+01 9.969161995431656542e-02
5.895000000000000995e+01 9.776394718842978948e-02
5.985000000000000853e+01 9.262348647939844248e-02
6.075000000000001421e+01 9.481294196657846785e-02
6.165000000000001279e+01 9.045782942142689687e-02
6.255000000000001137e+01 8.200938705241703208e-02
6.345000000000000995e+01 8.902992366891818166e-02
6.435000000000000853e+01 9.452736081607672480e-02
6.525000000000001421e+01 1.046416932296801022e-01
6.615000000000000568e+01 1.202534627904420228e-01
6.705000000000001137e+01 1.441946825741714233e-01
6.795000000000001705e+01 1.629002479320355301e-01
6.885000000000000853e+01 1.878410017425210521e-01
6.975000000000001421e+01 2.116394309509996019e-01
7.065000000000001990e+01 2.505736611360704358e-01
7.155000000000001137e+01 3.015260980714229988e-01
7.245000000000001705e+01 3.505984590993057037e-01
7.335000000000000853e+01 4.221127388707836547e-01
7.425000000000001421e+01 4.912471757214138535e-01
7.515000000000001990e+01 5.717096648752797439e-01
7.605000000000001137e+01 6.664750099834412245e-01
7.695000000000001705e+01 7.845866141451203202e-01
7.785000000000000853e+01 8.867532707371186262e-01
7.875000000000001421e+01 1.013218123550973626e+00
7.965000000000001990e+01 1.128616706782885837e+00
8.055000000000001137e+01 1.285210370974674499e+00
8.145000000000001705e+01 1.432141872907821023e+00
8.235000000000000853e+01 1.575812990039406003e+00
8.325000000000001421e+01 1.697327769577896994e+00
8.415000000000001990e+01 1.836239200867786581e+00
8.505000000000001137e+01 1.948091818147635879e+00
8.595000000000001705e+01 2.075008841116451563e+00
8.685000000000000853e+01 2.171606665273666081e+00
8.775000000000001421e+01 2.254115819339461257e+00
8.865000000000001990e+01 2.313588093931449041e+00
8.955000000000001137e+01 2.384840590981633479e+00
9.045000000000001705e+01 2.407401501871271332e+00
9.135000000000002274e+01 2.400690344834480516e+00
9.225000000000001421e+01 2.430105203336159647e+00
9.315000000000001990e+01 2.404521891937045464e+00
9.405000000000001137e+01 2.388315161646071605e+00
9.495000000000001705e+01 2.368443473256991894e+00
9.585000000000002274e+01 2.296619813905803831e+00
9.675000000000001421e+01 2.277914248547939557e+00
9.765000000000001990e+01 2.238670638783158751e+00
9.855000000000001137e+01 2.164324345935871641e+00
9.945000000000001705e+01 2.072391013903519319e+00
1.003500000000000227e+02 2.010848275970393395e+00
1.012500000000000142e+02 1.928529509338266390e+00
1.021500000000000199e+02 1.841689041156528095e+00
1.030500000000000114e+02 1.769984373951382084e+00
1.039500000000000171e+02 1.660701987026048654e+00
1.048500000000000227e+02 1.587902592077312880e+00
1.057500000000000142e+02 1.495302904027123070e+00
1.066500000000000199e+02 1.437496519479728674e+00
1.075500000000000256e+02 1.327428784390515482e+00
1.084500000000000171e+02 1.244158080590049176e+00
1.093500000000000227e+02 1.181758599205418481e+00
1.102500000000000142e+02 1.100510761887672828e+00
1.111500000000000199e+02 1.028568110390442047e+00
1.120500000000000256e+02 9.647169248240942130e-01
1.129500000000000171e+02 9.149782077783741308e-01
1.138500000000000227e+02 8.729025849377840540e-01
1.147500000000000142e+02 8.106696925576126755e-01
1.156500000000000199e+02 7.680229074160190850e-01
1.165500000000000256e+02 7.531964860191370237e-01
1.174500000000000171e+02 7.172846563435429923e-01
1.183500000000000227e+02 6.928198711172269819e-01
1.192500000000000142e+02 6.527195179009406267e-01
1.201500000000000199e+02 6.235664421205545649e-01
1.210500000000000256e+02 5.961506516723872329e-01
1.219500000000000171e+02 5.684968769321351312e-01
1.228500000000000227e+02 5.432467435419394697e-01
1.237500000000000142e+02 5.007189505463882639e-01
1.246500000000000199e+02 4.686148695441507694e-01
1.255500000000000256e+02 4.357730372364503335e-01
1.264500000000000171e+02 4.184001839142610368e-01
1.273500000000000227e+02 3.959344667414573249e-01
1.282500000000000284e+02 3.789661867158121145e-01
1.291500000000000057e+02 3.545727967771216127e-01
1.300500000000000114e+02 3.402937392520345439e-01
1.309500000000000171e+02 3.191131372564886548e-01
1.318499999999999943e+02 2.881275824270495556e-01
1.327500000000000000e+02 2.789175903233684362e-01
1.336500000000000057e+02 2.700645746578143602e-01
1.345500000000000114e+02 2.622348914482249271e-01
1.354500000000000171e+02 2.479796323523462964e-01
1.363500000000000227e+02 2.387220433902481342e-01
1.372500000000000000e+02 2.363659988986087646e-01
1.381500000000000057e+02 2.308685617514502075e-01
1.390500000000000114e+02 2.259422869052951643e-01
1.399500000000000171e+02 2.312255381895773620e-01
1.408500000000000227e+02 2.233958549799879845e-01
1.417500000000000000e+02 2.356282475931459064e-01
1.426500000000000057e+02 2.412922737447638077e-01
1.435500000000000114e+02 2.370085564872376760e-01
1.444500000000000171e+02 2.396977789877957621e-01
1.453500000000000227e+02 2.356996428807713873e-01
1.462500000000000000e+02 2.380318889432022911e-01
1.471500000000000057e+02 2.358424334560222380e-01
1.480500000000000114e+02 2.320584832118741114e-01
1.489500000000000171e+02 2.401737475719653570e-01
1.498500000000000227e+02 2.382460748060785394e-01
1.507500000000000000e+02 2.322964675039589089e-01
1.516500000000000057e+02 2.321060800702911264e-01
1.525500000000000114e+02 2.439576978161134280e-01
1.534500000000000171e+02 2.327248392297115442e-01
1.543500000000000227e+02 2.427677763556894963e-01
1.552500000000000000e+02 2.454094019978305952e-01
1.561500000000000057e+02 2.523347448974978535e-01
1.570500000000000114e+02 2.606165982620484156e-01
1.579500000000000171e+02 2.507164517113213420e-01
1.588500000000000227e+02 2.510258312910315093e-01
1.597500000000000000e+02 2.481224229275971749e-01
1.606500000000000057e+02 2.559997029956035397e-01
1.615500000000000114e+02 2.541434255173422030e-01
1.624500000000000171e+02 2.502404831271517471e-01
1.633500000000000227e+02 2.443860695418660633e-01
1.642500000000000000e+02 2.490029648083108282e-01
1.651500000000000057e+02 2.457901768651662433e-01
1.660500000000000114e+02 2.382936716644955266e-01
1.669500000000000171e+02 2.315587161984961062e-01
1.678500000000000227e+02 2.211350042051825060e-01
1.687500000000000000e+02 2.155423733411900855e-01
1.696500000000000057e+02 2.078792791360599412e-01
1.705500000000000114e+02 1.997878132051772448e-01
1.714500000000000171e+02 1.937906090446406826e-01
1.723500000000000227e+02 1.788689939309246468e-01
1.732500000000000000e+02 1.604014128651452820e-01
1.741500000000000057e+02 1.418148396533235600e-01
1.750500000000000114e+02 1.252749313534309850e-01
1.759500000000000171e+02 1.061885911282312023e-01
1.768500000000000227e+02 8.327070380046637521e-02
1.777500000000000284e+02 6.211390023412896588e-02
1.786500000000000057e+02 3.669717783947389761e-02
1.795500000000000114e+02 1.316053135228862844e-02
