2.500000000000000139e-02 0.000000000000000000e+00
7.499999999999999722e-02 0.000000000000000000e+00
1.250000000000000000e-01 0.000000000000000000e+00
1.749999999999999889e-01 0.000000000000000000e+00
2.249999999999999778e-01 0.000000000000000000e+00
2.749999999999999667e-01 0.000000000000000000e+00
3.250000000000000111e-01 0.000000000000000000e+00
3.750000000000000000e-01 0.000000000000000000e+00
4.249999999999999889e-01 0.000000000000000000e+00
4.749999999999999778e-01 0.000000000000000000e+00
5.249999999999999112e-01 0.000000000000000000e+00
5.749999999999999556e-01 0.000000000000000000e+00
6.250000000000000000e-01 0.000000000000000000e+00
6.749999999999999334e-01 0.000000000000000000e+00
7.249999999999999778e-01 0.000000000000000000e+00
7.749999999999999112e-01 0.000000000000000000e+00
8.249999999999999556e-01 0.000000000000000000e+00
8.750000000000000000e-01 0.000000000000000000e+00
9.249999999999999334e-01 0.000000000000000000e+00
9.749999999999999778e-01 0.000000000000000000e+00
1.024999999999999911e+00 0.000000000000000000e+00
1.074999999999999734e+00 0.000000000000000000e+00
1.124999999999999778e+00 0.000000000000000000e+00
1.174999999999999822e+00 0.000000000000000000e+00
1.224999999999999867e+00 0.000000000000000000e+00
1.274999999999999911e+00 0.000000000000000000e+00
1.324999999999999734e+00 0.000000000000000000e+00
1.374999999999999778e+00 0.000000000000000000e+00
1.424999999999999822e+00 0.000000000000000000e+00
1.474999999999999867e+00 0.000000000000000000e+00
1.524999999999999689e+00 0.000000000000000000e+00
1.574999999999999734e+00 0.000000000000000000e+00
1.624999999999999778e+00 0.000000000000000000e+00
1.674999999999999822e+00 0.000000000000000000e+00
1.724999999999999867e+00 0.000000000000000000e+00
1.774999999999999689e+00 0.000000000000000000e+00
1.824999999999999734e+00 0.000000000000000000e+00
1.874999999999999778e+00 0.000000000000000000e+00
1.924999999999999822e+00 0.000000000000000000e+00
1.974999999999999645e+00 0.000000000000000000e+00
2.024999999999999911e+00 0.000000000000000000e+00
2.074999999999999734e+00 0.000000000000000000e+00
2.124999999999999556e+00 0.000000000000000000e+00
2.174999999999999822e+00 0.000000000000000000e+00
2.224999999999999645e+00 0.000000000000000000e+00
2.274999999999999911e+00 0.000000000000000000e+00
2.324999999999999734e+00 0.000000000000000000e+00
2.374999999999999556e+00 0.000000000000000000e+00
2.424999999999999822e+00 3.721784102957345077e-05
2.474999999999999645e+00 7.824723249613420653e-03
2.524999999999999911e+00 1.074821040753107665e-01
2.574999999999999734e+00 5.691275073620657432e-01
2.624999999999999556e+00 1.830043470753240253e+00
2.674999999999999822e+00 3.697785907301568198e+00
2.724999999999999645e+00 5.177265319504434693e+00
2.774999999999999467e+00 5.493801250929937652e+00
2.824999999999999734e+00 4.751465534589466522e+00
2.874999999999999556e+00 3.592606372373860157e+00
2.924999999999999822e+00 2.589881351096781081e+00
2.974999999999999645e+00 1.820397799960613350e+00
3.024999999999999467e+00 1.364129556902046403e+00
3.074999999999999734e+00 1.094170568720492565e+00
3.124999999999999556e+00 9.639179874564915984e-01
3.174999999999999822e+00 8.670997312281352176e-01
3.224999999999999645e+00 8.169160745882667607e-01
3.274999999999999467e+00 7.594316568321292094e-01
3.324999999999999734e+00 7.605201190971117020e-01
3.374999999999999556e+00 7.586556461031976895e-01
3.424999999999999822e+00 7.966334622511134222e-01
3.474999999999999645e+00 8.611811810902567643e-01
3.524999999999999467e+00 9.266864771716042393e-01
3.574999999999999734e+00 1.002669433900433393e+00
3.624999999999999556e+00 1.071538292276593474e+00
3.674999999999999822e+00 1.152843387691530497e+00
3.724999999999999645e+00 1.204772209737792643e+00
3.774999999999999467e+00 1.197873565612527891e+00
3.824999999999999734e+00 1.205522151824433674e+00
3.874999999999999556e+00 1.185807468847593471e+00
3.924999999999999378e+00 1.131451920926257682e+00
3.974999999999999645e+00 1.078164394450755958e+00
4.024999999999999467e+00 1.059812490166041732e+00
4.075000000000000178e+00 1.039289593425637870e+00
4.125000000000000000e+00 9.910688617523452093e-01
4.174999999999999822e+00 9.475457954507441327e-01
4.224999999999999645e+00 9.035126047426769169e-01
4.275000000000000355e+00 8.618669428730731941e-01
4.325000000000000178e+00 8.423356099010559372e-01
4.375000000000000000e+00 8.040048298616673250e-01
4.424999999999999822e+00 7.986473075246300901e-01
4.474999999999999645e+00 8.023986128401168205e-01
4.525000000000000355e+00 8.011508627819837747e-01
4.575000000000000178e+00 7.898002430951528430e-01
4.625000000000000000e+00 7.790165712000004516e-01
4.674999999999999822e+00 7.805583379849930781e-01
4.724999999999999645e+00 7.668515248734678602e-01
4.775000000000000355e+00 7.437341600307292300e-01
4.825000000000000178e+00 7.139594669947660899e-01
4.875000000000000000e+00 7.080647444839572868e-01
4.924999999999999822e+00 6.875166525395619566e-01
4.974999999999999645e+00 6.557181946300750797e-01
5.025000000000000355e+00 6.539677142299209489e-01
5.075000000000000178e+00 6.570279111958166052e-01
5.125000000000000000e+00 6.466537166253479851e-01
5.174999999999999822e+00 6.559660301100411761e-01
5.224999999999999645e+00 6.537015656950725395e-01
5.275000000000000355e+00 6.662788727191804039e-01
5.325000000000000178e+00 6.734851140454631846e-01
5.375000000000000000e+00 6.883849857943175055e-01
5.424999999999999822e+00 7.059033097236483423e-01
5.474999999999999645e+00 7.320596717813705467e-01
5.524999999999999467e+00 7.766460749762200688e-01
5.575000000000000178e+00 8.030792602912042444e-01
5.625000000000000000e+00 8.475529620335580105e-01
5.674999999999999822e+00 8.788426556578705640e-01
5.724999999999999645e+00 9.229649293150301581e-01
5.774999999999999467e+00 9.702576195026909600e-01
5.825000000000000178e+00 1.003038346532014957e+00
5.875000000000000000e+00 1.056805937130550488e+00
5.924999999999999822e+00 1.128144027406559724e+00
5.974999999999999645e+00 1.175020501362452618e+00
6.024999999999999467e+00 1.208169381435584944e+00
6.075000000000000178e+00 1.249899168526479087e+00
6.125000000000000000e+00 1.289154102367163102e+00
6.174999999999999822e+00 1.328649226717425469e+00
6.224999999999999645e+00 1.344934789586594182e+00
6.274999999999999467e+00 1.360884835270868676e+00
6.325000000000000178e+00 1.363302114090769068e+00
6.375000000000000000e+00 1.366402735246542433e+00
6.424999999999999822e+00 1.345308758754240275e+00
6.474999999999999645e+00 1.311931627469945960e+00
6.524999999999999467e+00 1.294364950565183969e+00
6.575000000000000178e+00 1.288256402307020876e+00
6.625000000000000000e+00 1.257838877115553755e+00
6.674999999999999822e+00 1.204733401895091705e+00
6.724999999999999645e+00 1.164009355262080048e+00
6.774999999999999467e+00 1.136201207413358283e+00
6.825000000000000178e+00 1.111903968378082030e+00
6.875000000000000000e+00 1.082420991913847219e+00
6.924999999999999822e+00 1.075901897714685251e+00
6.974999999999999645e+00 1.053005588135706105e+00
7.024999999999999467e+00 1.041010008959649680e+00
7.075000000000000178e+00 1.025066981428812918e+00
7.125000000000000000e+00 1.020120849388763462e+00
7.174999999999999822e+00 9.900137758336196026e-01
7.224999999999999645e+00 9.834697588081759978e-01
7.274999999999999467e+00 9.607922798959961375e-01
7.325000000000000178e+00 9.523136382646019138e-01
7.375000000000000000e+00 9.574041073456870388e-01
7.424999999999999822e+00 9.526838930609812239e-01
7.474999999999999645e+00 9.461824195418188088e-01
7.524999999999999467e+00 9.404879799374881166e-01
7.574999999999999289e+00 9.541960026210896118e-01
7.625000000000000000e+00 9.473133327715109742e-01
7.674999999999999822e+00 9.432482743705115080e-01
7.724999999999999645e+00 9.488510809836210314e-01
7.774999999999999467e+00 9.507962036306903952e-01
7.824999999999999289e+00 9.650286575272092326e-01
7.875000000000000000e+00 9.646469816435110367e-01
7.924999999999999822e+00 9.568031277260707901e-01
7.974999999999999645e+00 9.512234846925246012e-01
8.024999999999998579e+00 9.544493487062314374e-01
8.074999999999999289e+00 9.476608409004074751e-01
8.125000000000000000e+00 9.415567800734973014e-01
8.174999999999998934e+00 9.330678863627059894e-01
8.224999999999999645e+00 9.295519915906085284e-01
8.275000000000000355e+00 9.324965027218923286e-01
8.324999999999999289e+00 9.331022586725514767e-01
8.375000000000000000e+00 9.221999810273417975e-01
8.424999999999998934e+00 9.138396673153803551e-01
8.474999999999999645e+00 9.121726163472119175e-01
8.525000000000000355e+00 9.177547492031071785e-01
8.574999999999999289e+00 9.232641039709722497e-01
8.625000000000000000e+00 9.267778872920862110e-01
8.674999999999998934e+00 9.330346577007939679e-01
8.724999999999999645e+00 9.267934762482800126e-01
8.775000000000000355e+00 9.438109850384435173e-01
8.824999999999999289e+00 9.532377163494926142e-01
8.875000000000000000e+00 9.629206665643907925e-01
8.924999999999998934e+00 9.667248045756332564e-01
8.974999999999999645e+00 9.714660776941543840e-01
9.025000000000000355e+00 9.742723858215439625e-01
9.074999999999999289e+00 9.702049817392016662e-01
9.125000000000000000e+00 9.673166728350846011e-01
9.174999999999998934e+00 9.755408153774289826e-01
9.224999999999999645e+00 9.796132836512502218e-01
9.275000000000000355e+00 9.895103017701984971e-01
9.324999999999999289e+00 9.847594032290836186e-01
9.375000000000000000e+00 9.955900902351867421e-01
9.424999999999998934e+00 1.007693325980153931e+00
9.474999999999999645e+00 1.008498322852401596e+00
9.525000000000000355e+00 1.016627510883786334e+00
9.574999999999999289e+00 1.021001488604628582e+00
9.625000000000000000e+00 1.034951986145047798e+00
9.674999999999998934e+00 1.041199563401976169e+00
9.724999999999999645e+00 1.043524446354755497e+00
9.775000000000000355e+00 1.055569634630955322e+00
9.824999999999999289e+00 1.050306329047623999e+00
9.875000000000000000e+00 1.047561907789467783e+00
9.924999999999998934e+00 1.054986836863414323e+00
9.974999999999999645e+00 1.056775170602114677e+00
