4.500000000000000111e-01 0.000000000000000000e+00
1.350000000000000089e+00 0.000000000000000000e+00
2.250000000000000444e+00 0.000000000000000000e+00
3.150000000000000355e+00 0.000000000000000000e+00
4.050000000000000711e+00 0.000000000000000000e+00
4.950000000000001066e+00 0.000000000000000000e+00
5.850000000000000533e+00 0.000000000000000000e+00
6.750000000000000888e+00 0.000000000000000000e+00
7.650000000000001243e+00 0.000000000000000000e+00
8.550000000000000711e+00 0.000000000000000000e+00
9.450000000000001066e+00 0.000000000000000000e+00
1.035000000000000142e+01 0.000000000000000000e+00
1.125000000000000000e+01 0.000000000000000000e+00
1.215000000000000036e+01 0.000000000000000000e+00
1.305000000000000071e+01 0.000000000000000000e+00
1.395000000000000107e+01 0.000000000000000000e+00
1.485000000000000142e+01 0.000000000000000000e+00
1.575000000000000178e+01 0.000000000000000000e+00
1.665000000000000213e+01 0.000000000000000000e+00
1.755000000000000071e+01 0.000000000000000000e+00
1.845000000000000284e+01 0.000000000000000000e+00
1.935000000000000142e+01 0.000000000000000000e+00
2.025000000000000355e+01 0.000000000000000000e+00
2.115000000000000213e+01 0.000000000000000000e+00
2.205000000000000071e+01 0.000000000000000000e+00
2.295000000000000284e+01 0.000000000000000000e+00
2.385000000000000142e+01 0.000000000000000000e+00
2.475000000000000355e+01 0.000000000000000000e+00
2.565000000000000213e+01 0.000000000000000000e+00
2.655000000000000426e+01 0.000000000000000000e+00
2.745000000000000284e+01 0.000000000000000000e+00
2.835000000000000497e+01 0.000000000000000000e+00
2.925000000000000355e+01 0.000000000000000000e+00
3.015000000000000213e+01 0.000000000000000000e+00
3.105000000000000426e+01 0.000000000000000000e+00
3.195000000000000284e+01 0.000000000000000000e+00
3.285000000000000853e+01 0.000000000000000000e+00
3.375000000000000711e+01 0.000000000000000000e+00
3.465000000000000568e+01 0.000000000000000000e+00
3.555000000000001137e+01 0.000000000000000000e+00
3.645000000000000995e+01 0.000000000000000000e+00
3.735000000000000853e+01 0.000000000000000000e+00
3.825000000000000711e+01 0.000000000000000000e+00
3.915000000000000568e+01 0.000000000000000000e+00
4.005000000000001137e+01 0.000000000000000000e+00
4.095000000000000995e+01 0.000000000000000000e+00
4.185000000000000853e+01 0.000000000000000000e+00
4.275000000000000711e+01 0.000000000000000000e+00
4.365000000000000568e+01 0.000000000000000000e+00
4.455000000000001137e+01 0.000000000000000000e+00
4.545000000000000995e+01 0.000000000000000000e+00
4.635000000000000853e+01 0.000000000000000000e+00
4.725000000000000711e+01 3.807748673356564856e-04
4.815000000000001279e+01 4.045732965441350905e-04
4.905000000000001137e+01 1.713486903010454348e-03
4.995000000000000995e+01 3.760151814939607755e-03
5.085000000000000853e+01 8.139062789299657610e-03
5.175000000000000711e+01 1.632572243701627471e-02
5.265000000000001279e+01 3.039059409922707788e-02
5.355000000000001137e+01 4.543120135898551931e-02
5.445000000000000995e+01 6.011483218061676459e-02
5.535000000000000853e+01 7.582179545821260414e-02
5.625000000000001421e+01 8.139062789299657263e-02
5.715000000000001279e+01 8.041489229544894479e-02
5.805000000000001137e+01 7.822543680826891943e-02
5.895000000000000995e+01 7.584559388742107000e-02
5.985000000000000853e+01 7.046714888630491169e-02
6.075000000000001421e+01 6.918203370904707494e-02
6.165000000000001279e+01 6.287544996880028991e-02
6.255000000000001137e+01 5.599770392754997717e-02
6.345000000000000995e+01 5.249933483390364225e-02
6.435000000000000853e+01 4.976251547492861055e-02
6.525000000000001421e+01 4.881057830658946939e-02
6.615000000000000568e+01 5.380824844036995180e-02
6.705000000000001137e+01 6.135235049945765573e-02
6.795000000000001705e+01 6.875366198329448120e-02
6.885000000000000853e+01 7.703551534784500165e-02
6.975000000000001421e+01 8.941069853625382979e-02
7.065000000000001990e+01 1.082590544693688428e-01
7.155000000000001137e+01 1.308675622174234610e-01
7.245000000000001705e+01 1.595208709844315731e-01
7.335000000000000853e+01 1.936478184693898041e-01
7.425000000000001421e+01 2.252521324582492657e-01
7.515000000000001990e+01 2.565232684381900663e-01
7.605000000000001137e+01 3.002647813233736418e-01
7.695000000000001705e+01 3.653058883501454357e-01
7.785000000000000853e+01 4.200660739588545356e-01
7.875000000000001421e+01 4.826083459187360813e-01
7.965000000000001990e+01 5.447936414404904726e-01
8.055000000000001137e+01 6.273265939354940590e-01
8.145000000000001705e+01 7.179986092197973013e-01
8.235000000000000853e+01 7.988656716702072780e-01
8.325000000000001421e+01 8.870150534584116953e-01
8.415000000000001990e+01 9.976539508486285124e-01
8.505000000000001137e+01 1.091538754076076367e+00
8.595000000000001705e+01 1.194823936840873069e+00
8.685000000000000853e+01 1.293444627480808240e+00
8.775000000000001421e+01 1.389637878341478450e+00
8.865000000000001990e+01 1.448586587490879651e+00
8.955000000000001137e+01 1.533927754632483653e+00
9.045000000000001705e+01 1.589663675838740353e+00
9.135000000000002274e+01 1.607702885178767138e+00
9.225000000000001421e+01 1.658298345675992325e+00
9.315000000000001990e+01 1.674647866542217090e+00
9.405000000000001137e+01 1.682120573313679701e+00
9.495000000000001705e+01 1.665747254018246526e+00
9.585000000000002274e+01 1.619387913920129707e+00
9.675000000000001421e+01 1.611201254272413452e+00
9.765000000000001990e+01 1.590782202011538748e+00
9.855000000000001137e+01 1.533190003327020934e+00
9.945000000000001705e+01 1.472718194708276807e+00
1.003500000000000227e+02 1.416672893922310106e+00
1.012500000000000142e+02 1.361008368003678859e+00
1.021500000000000199e+02 1.289327499227741258e+00
1.030500000000000114e+02 1.230711968087258690e+00
1.039500000000000171e+02 1.145299405658029457e+00
1.048500000000000227e+02 1.100605955604506692e+00
1.057500000000000142e+02 1.026997414062682301e+00
1.066500000000000199e+02 9.892055084796186337e-01
1.075500000000000256e+02 9.052684486613149506e-01
1.084500000000000171e+02 8.364195929611863978e-01
1.093500000000000227e+02 7.882991691016428826e-01
1.102500000000000142e+02 7.423206038708622945e-01
1.111500000000000199e+02 6.966752166490005616e-01
1.120500000000000256e+02 6.534334707771950468e-01
1.129500000000000171e+02 6.193541201506537197e-01
1.138500000000000227e+02 5.931996464505359112e-01
1.147500000000000142e+02 5.550745628585532776e-01
1.156500000000000199e+02 5.326088456857495101e-01
1.165500000000000256e+02 5.237796284494039556e-01
1.174500000000000171e+02 5.005047646835120156e-01
1.183500000000000227e+02 4.928654689075904205e-01
1.192500000000000142e+02 4.666871967782639796e-01
1.201500000000000199e+02 4.455065947827180906e-01
1.210500000000000256e+02 4.285383147570729356e-01
1.219500000000000171e+02 4.117366237358870418e-01
1.228500000000000227e+02 3.916983463423481804e-01
1.237500000000000142e+02 3.631164328629654658e-01
1.246500000000000199e+02 3.428877680357587110e-01
1.255500000000000256e+02 3.229208859298451917e-01
1.264500000000000171e+02 3.131635299543690243e-01
1.273500000000000227e+02 2.974565666767731154e-01
1.282500000000000284e+02 2.853193677804490846e-01
1.291500000000000057e+02 2.698027919365211802e-01
1.300500000000000114e+02 2.639483783512354131e-01
1.309500000000000171e+02 2.421966140546860102e-01
1.318499999999999943e+02 2.206352371918045008e-01
1.327500000000000000e+02 2.115442372341657107e-01
1.336500000000000057e+02 2.020010671215657638e-01
1.345500000000000114e+02 1.971699859922446119e-01
1.354500000000000171e+02 1.820817818740692595e-01
1.363500000000000227e+02 1.743234939521052518e-01
1.372500000000000000e+02 1.687784599465297630e-01
1.381500000000000057e+02 1.648755175563392794e-01
1.390500000000000114e+02 1.586879259621348515e-01
1.399500000000000171e+02 1.590211039710535124e-01
1.408500000000000227e+02 1.485259966901144868e-01
1.417500000000000000e+02 1.553799443021563198e-01
1.426500000000000057e+02 1.590924992586789655e-01
1.435500000000000114e+02 1.544756039922341173e-01
1.444500000000000171e+02 1.528097139476406463e-01
1.453500000000000227e+02 1.515483971995912893e-01
1.462500000000000000e+02 1.580453683735059123e-01
1.471500000000000057e+02 1.564746720457463602e-01
1.480500000000000114e+02 1.583071510947991756e-01
1.489500000000000171e+02 1.646137348350459884e-01
1.498500000000000227e+02 1.660178421583462238e-01
1.507500000000000000e+02 1.621386981973642338e-01
1.516500000000000057e+02 1.632572243701627124e-01
1.525500000000000114e+02 1.730383787748473734e-01
1.534500000000000171e+02 1.638045882419577326e-01
1.543500000000000227e+02 1.698731876901197480e-01
1.552500000000000000e+02 1.738951222263526164e-01
1.561500000000000057e+02 1.861989101271360192e-01
1.570500000000000114e+02 1.920295252832132371e-01
1.579500000000000171e+02 1.901970462341603940e-01
1.588500000000000227e+02 1.921247190000471838e-01
1.597500000000000000e+02 1.924103001505489408e-01
1.606500000000000057e+02 2.010015330948096701e-01
1.615500000000000114e+02 1.981695200190007333e-01
1.624500000000000171e+02 1.964322346867818092e-01
1.633500000000000227e+02 1.918629362787539483e-01
1.642500000000000000e+02 1.939333996198915888e-01
1.651500000000000057e+02 1.973365749967039839e-01
1.660500000000000114e+02 1.959086692441952271e-01
1.669500000000000171e+02 1.899828603712841180e-01
1.678500000000000227e+02 1.848186012330442773e-01
1.687500000000000000e+02 1.798447295284722469e-01
1.696500000000000057e+02 1.701349704114130112e-01
1.705500000000000114e+02 1.660178421583462238e-01
1.714500000000000171e+02 1.601158317146435528e-01
1.723500000000000227e+02 1.448610385920088006e-01
1.732500000000000000e+02 1.278927585663636179e-01
1.741500000000000057e+02 1.149702115061597696e-01
1.750500000000000114e+02 1.022142534504152933e-01
1.759500000000000171e+02 8.850635822633165506e-02
1.768500000000000227e+02 7.087172218284905345e-02
1.777500000000000284e+02 5.214235839577645304e-02
1.786500000000000057e+02 3.036679567001860508e-02
1.795500000000000114e+02 9.923944979935548152e-03
