4.500000000000000111e-01 0.000000000000000000e+00
1.350000000000000089e+00 0.000000000000000000e+00
2.250000000000000444e+00 0.000000000000000000e+00
3.150000000000000355e+00 0.000000000000000000e+00
4.050000000000000711e+00 0.000000000000000000e+00
4.950000000000001066e+00 0.000000000000000000e+00
5.850000000000000533e+00 0.000000000000000000e+00
6.750000000000000888e+00 0.000000000000000000e+00
7.650000000000001243e+00 0.000000000000000000e+00
8.550000000000000711e+00 0.000000000000000000e+00
9.450000000000001066e+00 0.000000000000000000e+00
1.035000000000000142e+01 0.000000000000000000e+00
1.125000000000000000e+01 0.000000000000000000e+00
1.215000000000000036e+01 0.000000000000000000e+00
1.305000000000000071e+01 0.000000000000000000e+00
1.395000000000000107e+01 0.000000000000000000e+00
1.485000000000000142e+01 0.000000000000000000e+00
1.575000000000000178e+01 0.000000000000000000e+00
1.665000000000000213e+01 0.000000000000000000e+00
1.755000000000000071e+01 0.000000000000000000e+00
1.845000000000000284e+01 0.000000000000000000e+00
1.935000000000000142e+01 0.000000000000000000e+00
2.025000000000000355e+01 0.000000000000000000e+00
2.115000000000000213e+01 0.000000000000000000e+00
2.205000000000000071e+01 0.000000000000000000e+00
2.295000000000000284e+01 0.000000000000000000e+00
2.385000000000000142e+01 0.000000000000000000e+00
2.475000000000000355e+01 0.000000000000000000e+00
2.565000000000000213e+01 0.000000000000000000e+00
2.655000000000000426e+01 0.000000000000000000e+00
2.745000000000000284e+01 0.000000000000000000e+00
2.835000000000000497e+01 0.000000000000000000e+00
2.925000000000000355e+01 0.000000000000000000e+00
3.015000000000000213e+01 0.000000000000000000e+00
3.105000000000000426e+01 0.000000000000000000e+00
3.195000000000000284e+01 0.000000000000000000e+00
3.285000000000000853e+01 0.000000000000000000e+00
3.375000000000000711e+01 0.000000000000000000e+00
3.465000000000000568e+01 0.000000000000000000e+00
3.555000000000001137e+01 0.000000000000000000e+00
3.645000000000000995e+01 0.000000000000000000e+00
3.735000000000000853e+01 0.000000000000000000e+00
3.825000000000000711e+01 0.000000000000000000e+00
3.915000000000000568e+01 0.000000000000000000e+00
4.005000000000001137e+01 0.000000000000000000e+00
4.095000000000000995e+01 0.000000000000000000e+00
4.185000000000000853e+01 0.000000000000000000e+00
4.275000000000000711e+01 0.000000000000000000e+00
4.365000000000000568e+01 0.000000000000000000e+00
4.455000000000001137e+01 0.000000000000000000e+00
4.545000000000000995e+01 0.000000000000000000e+00
4.635000000000000853e+01 3.569764381271779349e-04
4.725000000000000711e+01 9.519371683391412682e-04
4.815000000000001279e+01 2.546431925307202429e-03
4.905000000000001137e+01 4.878677987738098444e-03
4.995000000000000995e+01 8.424643939801398917e-03
5.085000000000000853e+01 1.382688737012602483e-02
5.175000000000000711e+01 1.982409153066261309e-02
5.265000000000001279e+01 2.624966741695182113e-02
5.355000000000001137e+01 2.684462814716378695e-02
5.445000000000000995e+01 2.927206792642859240e-02
5.535000000000000853e+01 2.691602343478921577e-02
5.625000000000001421e+01 2.839152604571488700e-02
5.715000000000001279e+01 2.306067790301569512e-02
5.805000000000001137e+01 2.146618314604763558e-02
5.895000000000000995e+01 2.191835330100872989e-02
5.985000000000000853e+01 2.215633759309350997e-02
6.075000000000001421e+01 2.563090825753137555e-02
6.165000000000001279e+01 2.758237945262662083e-02
6.255000000000001137e+01 2.601168312486703410e-02
6.345000000000000995e+01 3.653058883501453941e-02
6.435000000000000853e+01 4.476484534114812119e-02
6.525000000000001421e+01 5.583111492309063284e-02
6.615000000000000568e+01 6.644521435007207100e-02
6.705000000000001137e+01 8.284233207471376759e-02
6.795000000000001705e+01 9.414658594874106279e-02
6.885000000000000853e+01 1.108054863946760227e-01
6.975000000000001421e+01 1.222287324147457444e-01
7.065000000000001990e+01 1.423146066667016207e-01
7.155000000000001137e+01 1.706585358539995378e-01
7.245000000000001705e+01 1.910775881148741306e-01
7.335000000000000853e+01 2.284649204013938784e-01
7.425000000000001421e+01 2.659950432631645323e-01
7.515000000000001990e+01 3.151863964370896776e-01
7.605000000000001137e+01 3.662102286600675827e-01
7.695000000000001705e+01 4.192807257949748290e-01
7.785000000000000853e+01 4.666871967782640906e-01
7.875000000000001421e+01 5.306097776322372672e-01
7.965000000000001990e+01 5.838230653423952532e-01
8.055000000000001137e+01 6.578837770391804396e-01
8.145000000000001705e+01 7.141432636880238327e-01
8.235000000000000853e+01 7.769473183691986140e-01
8.325000000000001421e+01 8.103127161194854100e-01
8.415000000000001990e+01 8.385852500191578462e-01
8.505000000000001137e+01 8.565530640715592892e-01
8.595000000000001705e+01 8.801849042755783836e-01
8.685000000000000853e+01 8.781620377928579524e-01
8.775000000000001421e+01 8.644779409979828078e-01
8.865000000000001990e+01 8.650015064405691678e-01
8.955000000000001137e+01 8.509128363491497149e-01
9.045000000000001705e+01 8.177378260325308679e-01
9.135000000000002274e+01 7.929874596557130451e-01
9.225000000000001421e+01 7.718068576601672115e-01
9.315000000000001990e+01 7.298740253948280410e-01
9.405000000000001137e+01 7.061945883323919038e-01
9.495000000000001705e+01 7.026962192387455897e-01
9.585000000000002274e+01 6.772318999856735688e-01
9.675000000000001421e+01 6.667129942755259941e-01
9.765000000000001990e+01 6.478884367716195580e-01
9.855000000000001137e+01 6.311343426088505959e-01
9.945000000000001705e+01 5.996728191952419573e-01
1.003500000000000227e+02 5.941753820480834003e-01
1.012500000000000142e+02 5.675211413345874201e-01
1.021500000000000199e+02 5.523615419287866146e-01
1.030500000000000114e+02 5.392724058641235052e-01
1.039500000000000171e+02 5.154025813680195300e-01
1.048500000000000227e+02 4.872966364728064659e-01
1.057500000000000142e+02 4.683054899644405467e-01
1.066500000000000199e+02 4.482910110001101511e-01
1.075500000000000256e+02 4.221603357292005865e-01
1.084500000000000171e+02 4.077384876288626669e-01
1.093500000000000227e+02 3.934594301037755981e-01
1.102500000000000142e+02 3.581901580168103671e-01
1.111500000000000199e+02 3.318928937414415969e-01
1.120500000000000256e+02 3.112834540468992217e-01
1.129500000000000171e+02 2.956240876277203555e-01
1.138500000000000227e+02 2.797029384872481983e-01
1.147500000000000142e+02 2.555951296990594535e-01
1.156500000000000199e+02 2.354140617302696303e-01
1.165500000000000256e+02 2.294168575697330681e-01
1.174500000000000171e+02 2.167798916600309489e-01
1.183500000000000227e+02 1.999544022096365892e-01
1.192500000000000142e+02 1.860323211226766749e-01
1.201500000000000199e+02 1.780598473378363356e-01
1.210500000000000256e+02 1.676123369153142972e-01
1.219500000000000171e+02 1.567602531962480894e-01
1.228500000000000227e+02 1.515483971995912893e-01
1.237500000000000142e+02 1.376025176834228536e-01
1.246500000000000199e+02 1.257271015083920584e-01
1.255500000000000256e+02 1.128521513066051835e-01
1.264500000000000171e+02 1.052366539598920542e-01
1.273500000000000227e+02 9.847790006468415402e-02
1.282500000000000284e+02 9.364681893536301593e-02
1.291500000000000057e+02 8.477000484060051577e-02
1.300500000000000114e+02 7.634536090079913073e-02
1.309500000000000171e+02 7.691652320180261682e-02
1.318499999999999943e+02 6.749234523524511031e-02
1.327500000000000000e+02 6.737335308920272547e-02
1.336500000000000057e+02 6.806350753624859640e-02
1.345500000000000114e+02 6.506490545598030140e-02
1.354500000000000171e+02 6.589785047827703690e-02
1.363500000000000227e+02 6.439854943814291022e-02
1.372500000000000000e+02 6.758753895207902929e-02
1.381500000000000057e+02 6.599304419511095587e-02
1.390500000000000114e+02 6.725436094316032676e-02
1.399500000000000171e+02 7.220443421852386356e-02
1.408500000000000227e+02 7.486985828987345604e-02
1.417500000000000000e+02 8.024830329098960047e-02
1.426500000000000057e+02 8.219977448608485615e-02
1.435500000000000114e+02 8.253295249500354480e-02
1.444500000000000171e+02 8.688806504015512966e-02
1.453500000000000227e+02 8.415124568118007020e-02
1.462500000000000000e+02 7.998652056969635105e-02
1.471500000000000057e+02 7.936776141027590548e-02
1.480500000000000114e+02 7.375133211707496361e-02
1.489500000000000171e+02 7.556001273691934084e-02
1.498500000000000227e+02 7.222823264773232943e-02
1.507500000000000000e+02 7.015776930659470279e-02
1.516500000000000057e+02 6.884885570012838629e-02
1.525500000000000114e+02 7.091931904126602682e-02
1.534500000000000171e+02 6.892025098775382552e-02
1.543500000000000227e+02 7.289458866556973449e-02
1.552500000000000000e+02 7.151427977147797876e-02
1.561500000000000057e+02 6.613583477036183433e-02
1.570500000000000114e+02 6.858707297883512299e-02
1.579500000000000171e+02 6.051940547716089941e-02
1.588500000000000227e+02 5.890111229098436013e-02
1.597500000000000000e+02 5.571212277704823412e-02
1.606500000000000057e+02 5.499816990079388346e-02
1.615500000000000114e+02 5.597390549834151130e-02
1.624500000000000171e+02 5.380824844036995874e-02
1.633500000000000227e+02 5.252313326311211505e-02
1.642500000000000000e+02 5.506956518841932269e-02
1.651500000000000057e+02 4.845360186846228712e-02
1.660500000000000114e+02 4.238500242030026482e-02
1.669500000000000171e+02 4.157585582721198825e-02
1.678500000000000227e+02 3.631640297213823559e-02
1.687500000000000000e+02 3.569764381271779696e-02
1.696500000000000057e+02 3.774430872464694386e-02
1.705500000000000114e+02 3.376997104683103490e-02
1.714500000000000171e+02 3.367477732999712287e-02
1.723500000000000227e+02 3.400795533891581846e-02
1.732500000000000000e+02 3.250865429878167789e-02
1.741500000000000057e+02 2.684462814716378695e-02
1.750500000000000114e+02 2.306067790301569859e-02
1.759500000000000171e+02 1.768223290189954722e-02
1.768500000000000227e+02 1.239898161761731656e-02
1.777500000000000284e+02 9.971541838352504170e-03
1.786500000000000057e+02 6.330382169455289060e-03
1.795500000000000114e+02 3.236586372353080724e-03
